288,1638,1638,5,1,310,3,0
310,1638,1638,5,1,288,0,3
324,1638,325,2,1
325,1638,326,2,1
326,1638,327,2,1
537,1666,536,1,2
874,1611,896,3,0
954,1641,1641,5,1,976,3,0
973,1641,974,2,1
974,1641,975,2,1
975,1641,976,2,1
976,1641,1641,5,1,954,0,3,977,2,1,998,3,0
977,1641,1641,5,1,976,1,2
998,1641,1641,5,1,976,0,3,1020,3,0
1590,1627,337,0,4
1627,1590,337,0,4
1638,1587,310,0,4
1638,1596,310,0,4
1638,1602,310,0,4
1638,1643,310,0,4
1638,1659,310,0,4
1641,1584,976,0,4
1641,1610,976,0,4
1641,1646,976,0,4
1643,1638,328,0,4
