191,1619,190,1,2
581,1670,580,1,2
841,1677,840,1,2
892,1683,893,2,1
1128,1640,1640,5,1,1150,3,0
1149,1640,1150,2,1
1150,1640,1640,5,1,1128,0,3,1172,3,0
1172,1640,1640,5,1,1150,0,3,1194,3,0
1515,1633,1516,2,1
1677,1589,838,0,4
1677,1593,838,0,4
1677,1604,838,0,4
1677,1613,838,0,4
1677,1616,838,0,4
1677,1621,838,0,4
1677,1640,838,0,4
1677,1641,838,0,4
1677,1644,838,0,4
1677,1646,838,0,4
1677,1648,838,0,4
1677,1654,838,0,4
1677,1658,838,0,4
1677,1660,838,0,4
1677,1667,838,0,4
1677,1672,838,0,4
1677,1678,838,0,4
1677,1681,838,0,4
