337,1669,1669,5,1,359,3,0
357,1669,358,2,1
358,1669,359,2,1
359,1669,1669,5,1,337,0,3,360,2,1,381,3,0
360,1669,1669,5,1,359,1,2
381,1669,1669,5,1,359,0,3,403,3,0
801,1674,823,3,0
816,1665,1665,5,1,838,3,0
838,1665,1665,5,1,816,0,3,839,2,1,860,3,0
839,1665,1665,5,1,838,1,2
852,1665,853,2,1
853,1665,854,2,1
854,1665,855,2,1
860,1665,1665,5,1,838,0,3,882,3,0
1516,1629,1517,2,1
1589,1644,1497,0,4
1644,1589,1498,0,4
1665,1599,838,0,4
1665,1603,838,0,4
1665,1609,838,0,4
1665,1619,838,0,4
1665,1626,838,0,4
1665,1629,838,0,4
1665,1630,838,0,4
1665,1631,838,0,4
1665,1661,838,0,4
1669,1587,359,0,4
1669,1602,359,0,4
