367,1677,366,1,2
425,1681,424,1,2
657,1618,1618,5,1,679,3,0
676,1618,677,2,1
677,1618,678,2,1
678,1618,679,2,1
679,1618,1618,5,1,657,0,3,680,2,1,701,3,0
680,1618,1618,5,1,679,1,2
701,1618,1618,5,1,679,0,3,723,3,0
860,1591,1591,5,1,882,3,0
882,1591,1591,5,1,860,0,3,904,3,0
883,1591,882,1,2
896,1591,897,2,1
897,1591,898,2,1
898,1591,899,2,1
904,1591,1591,5,1,882,0,3,926,3,0
1201,1615,1202,2,1
1586,1591,882,0,4
1591,1586,882,0,4
1591,1627,882,0,4
1591,1632,882,0,4
1591,1635,882,0,4
1591,1647,882,0,4
1591,1651,882,0,4
