879,1632,1632,5,1,901,3,0
880,1632,1632,5,1,901,3,2
896,1632,897,2,1
897,1632,898,2,1
898,1632,899,2,1
899,1632,900,2,1
900,1632,901,2,1
901,1632,1632,5,1,879,0,3,880,2,3,923,3,0
923,1632,1632,5,1,901,0,3,945,3,0
1278,1612,1256,0,3
1498,1654,1654,5,1,1476,0,3
1519,1654,1654,5,1
1520,1654,1542,3,0
1521,1654,1543,3,0
1522,1654,1544,3,0
1523,1654,1545,3,0
1542,1654,1654,5,1
1589,1644,1497,0,4
1592,1654,1481,0,4
1593,1654,1063,0,4
1632,1596,901,0,4
1644,1589,1475,0,4
1654,1592,1476,0,4
1654,1593,1063,0,4
1654,1608,1542,0,4
1654,1611,1542,0,4
1654,1662,1476,0,4
1654,1672,1063,0,4
1662,1654,1481,0,4
1672,1654,1063,0,4
