214,1608,236,3,0
322,1635,321,1,2
387,1585,386,1,2
519,1596,541,3,0
750,1677,772,3,0
1063,1621,1621,5,1,1041,0,3
1085,1621,1107,3,0
1093,1621,1115,3,0
1094,1621,1116,3,0
1107,1621,1621,5,1
1388,1676,1676,5,1,1410,3,0
1410,1676,1676,5,1,1388,0,3,1411,2,1,1432,3,0
1411,1676,1676,5,1,1410,1,2
1424,1676,1425,2,1
1425,1676,1426,2,1
1426,1676,1427,2,1
1427,1676,1428,2,1
1432,1676,1676,5,1,1410,0,3,1454,3,0
1538,1683,1539,2,1
1563,1641,1,3,3
1677,1594,816,0,4
1677,1597,816,0,4
1677,1612,816,0,4
1677,1614,816,0,4
1677,1620,816,0,4
1677,1642,816,0,4
1677,1666,816,0,4
