28,1628,50,3,0
179,1608,201,3,0
192,1608,214,3,0
193,1608,215,3,0
194,1608,216,3,0
201,1608,1608,5,1,202,2,1
202,1608,1608,5,1,180,0,3,201,1,2,224,3,0
214,1608,215,2,1
215,1608,216,2,1
216,1608,217,2,1
223,1608,201,0,3
236,1608,214,0,3
237,1608,215,0,3
238,1608,216,0,3
381,1615,1615,5,1,403,3,0
401,1615,402,2,1
402,1615,403,2,1
403,1615,1615,5,1,381,0,3,425,3,0
425,1615,1615,5,1,403,0,3,447,3,0
840,1671,839,1,2
893,1671,894,2,1
1003,1584,1004,2,1
1585,1666,140,0,4
1595,1683,74,0,4
1666,1585,162,0,4
1683,1595,206,0,4
