124,1236,90,0,3
183,1216,182,1,2
217,1216,216,1,2
226,1216,227,2,1
233,1168,1168,5,1,234,2,1,267,3,0
234,1168,1168,5,1,233,1,2
251,1216,250,1,2
267,1168,1168,5,1,233,0,3,266,1,2,301,3,0
285,1216,284,1,2
319,1216,318,1,2
353,1216,352,1,2
387,1216,386,1,2
532,1199,533,2,1
566,1172,567,2,1
658,1216,1216,5,1,692,3,0
659,1216,693,3,0
666,1216,700,3,0
667,1216,701,3,0
668,1216,702,3,0
669,1216,703,3,0
693,1216,1216,5,1,692,1,2
989,1237,955,0,3
1022,1157,988,0,3
1168,1206,233,0,4
1206,1168,233,0,4
1216,1161,693,0,4
1216,1168,693,0,4
1216,1185,693,0,4
1216,1206,693,0,4
1216,1232,1091,0,4
1232,1216,1090,0,4
