195,1205,229,3,0
213,1175,179,0,3
215,1249,216,2,1
216,1249,1249,5,1,217,2,1,250,3,0
217,1249,1249,5,1,216,1,2
250,1249,1249,5,1,216,0,3,249,1,2,284,3,0
258,1218,292,3,0
350,1224,1224,5,1,316,0,3,351,2,1
361,1196,327,0,3
383,1224,1224,5,1,417,3,0
384,1224,383,1,2
418,1224,417,1,2
419,1224,385,0,3
431,1224,397,0,3
452,1224,451,1,2
453,1224,419,0,3
465,1224,431,0,3
486,1224,485,1,2
499,1224,465,0,3
957,1246,991,3,0
1095,1221,1096,2,1
1194,1249,114,0,4
1195,1249,46,0,4
1197,1249,216,0,4
1236,1249,114,0,4
1249,1194,216,0,4
1249,1195,216,0,4
1249,1197,216,0,4
1249,1236,216,0,4
