26,1183,60,2,0
28,1156,27,0,1
39,1183,73,3,0
60,1183,94,3,0
92,1183,126,3,0
107,1183,1183,5,1,108,2,1,141,3,0
108,1183,1183,5,1,107,1,2,142,3,0
126,1183,127,2,1
127,1183,128,2,1
128,1183,129,2,1
141,1183,1183,5,1,107,0,3,142,2,1,175,3,0
504,1189,505,2,1
661,1228,695,3,0
922,1246,923,2,1
1058,1230,1230,5,1,1059,2,1,1092,3,0
1059,1230,1230,5,1,1058,1,2,1093,3,0
1081,1230,1082,2,1
1092,1230,1230,5,1,1058,0,3,1093,2,1,1126,3,0
1183,1185,107,0,4
1183,1188,107,0,4
1183,1253,107,0,4
1230,1240,1058,0,4
1230,1245,1058,0,4
1230,1248,1058,0,4
