30,1190,64,2,0
95,1190,129,3,0
259,1190,260,2,1
317,1156,1156,5,1,318,2,1,351,3,0
348,1156,349,2,1
349,1156,350,2,1
350,1156,351,2,1
351,1156,1156,5,1,317,0,3,352,2,1
352,1156,1156,5,1,318,0,3,351,1,2
471,1190,505,3,0
472,1190,506,3,0
494,1202,493,1,2
506,1190,1190,5,1,507,2,1,540,3,0
507,1190,1190,5,1,473,0,3,506,1,2
540,1190,1190,5,1,506,0,3
589,1156,555,0,3
1156,1164,351,0,4
1156,1205,351,0,4
1159,1190,302,0,4
1164,1156,344,0,4
1190,1159,506,0,4
1190,1168,506,0,4
1190,1206,506,0,4
1206,1190,266,0,4
1207,1251,648,0,4
1251,1207,648,0,4
