0,4,1.000000
0,5,0.250000
1,4,1.000000
1,5,0.250000
2,4,1.000000
2,5,0.250000
3,4,1.000000
3,5,0.250000
4,4,1.000000
4,5,0.250000
5,4,1.000000
5,5,0.250000
6,4,1.000000
6,5,0.250000
7,4,1.000000
7,5,0.250000
8,4,1.000000
8,5,0.250000
9,4,1.000000
9,5,0.250000
10,4,1.000000
10,5,0.250000
11,4,1.000000
11,5,0.250000
12,4,1.000000
12,5,0.250000
13,4,1.000000
13,5,0.250000
14,4,1.000000
14,5,0.250000
15,4,1.000000
15,5,0.250000
16,4,1.000000
16,5,0.250000
17,4,1.000000
17,5,0.250000
18,4,1.000000
18,5,0.250000
19,4,1.000000
19,5,0.250000
20,4,1.000000
20,5,0.250000
21,4,1.000000
21,5,0.250000
22,4,1.000000
22,5,0.250000
23,4,1.000000
23,5,0.250000
24,4,1.000000
24,5,0.250000
25,4,1.000000
25,5,0.250000
26,4,1.000000
26,5,0.250000
27,4,1.000000
27,5,0.250000
28,4,1.000000
28,5,0.250000
29,4,1.000000
29,5,0.250000
30,4,1.000000
30,5,0.250000
31,4,1.000000
31,5,0.250000
32,4,1.000000
32,5,0.250000
33,4,1.000000
33,5,0.250000
34,4,1.000000
34,5,0.250000
35,4,1.000000
35,5,0.250000
36,4,1.000000
36,5,0.250000
37,4,1.000000
37,5,0.250000
38,4,1.000000
38,5,0.250000
39,4,1.000000
39,5,0.250000
40,4,1.000000
40,5,0.250000
41,4,1.000000
41,5,0.250000
42,4,1.000000
42,5,0.250000
43,4,1.000000
43,5,0.250000
44,4,1.000000
44,5,0.250000
45,4,1.000000
45,5,0.250000
46,4,1.000000
46,5,0.250000
47,4,1.000000
47,5,0.250000
48,4,1.000000
48,5,0.250000
49,4,1.000000
49,5,0.250000
50,4,1.000000
50,5,0.250000
51,4,1.000000
51,5,0.250000
52,4,1.000000
52,5,0.250000
53,4,1.000000
53,5,0.250000
54,4,1.000000
54,5,0.250000
55,4,1.000000
55,5,0.250000
56,4,1.000000
56,5,0.250000
57,4,1.000000
57,5,0.250000
58,4,1.000000
58,5,0.250000
59,4,1.000000
59,5,0.250000
60,4,1.000000
60,5,0.250000
61,4,1.000000
61,5,0.250000
62,4,1.000000
62,5,0.250000
63,4,1.000000
63,5,0.250000
64,4,1.000000
64,5,0.250000
65,4,1.000000
65,5,0.250000
66,4,1.000000
66,5,0.250000
67,4,1.000000
67,5,0.250000
68,4,1.000000
68,5,0.250000
69,4,1.000000
69,5,0.250000
70,4,1.000000
70,5,0.250000
71,4,1.000000
71,5,0.250000
72,4,1.000000
72,5,0.250000
73,4,1.000000
73,5,0.250000
74,4,1.000000
74,5,0.250000
75,4,1.000000
75,5,0.250000
76,4,1.000000
76,5,0.250000
77,4,1.000000
77,5,0.250000
78,4,1.000000
78,5,0.250000
79,4,1.000000
79,5,0.250000
80,4,1.000000
80,5,0.250000
81,4,1.000000
81,5,0.250000
82,4,1.000000
82,5,0.250000
83,4,1.000000
83,5,0.250000
84,4,1.000000
84,5,0.250000
85,4,1.000000
85,5,0.250000
86,4,1.000000
86,5,0.250000
87,4,1.000000
87,5,0.250000
88,4,1.000000
88,5,0.250000
89,4,1.000000
89,5,0.250000
90,4,1.000000
90,5,0.250000
91,4,1.000000
91,5,0.250000
92,4,1.000000
92,5,0.250000
93,4,1.000000
93,5,0.250000
94,4,1.000000
94,5,0.250000
95,4,1.000000
95,5,0.250000
96,4,1.000000
96,5,0.250000
97,4,1.000000
97,5,0.250000
98,4,1.000000
98,5,0.250000
99,4,1.000000
99,5,0.250000
100,4,1.000000
100,5,0.250000
101,4,1.000000
101,5,0.250000
102,4,1.000000
102,5,0.250000
103,4,1.000000
103,5,0.250000
104,4,1.000000
104,5,0.250000
105,4,1.000000
105,5,0.250000
106,4,1.000000
106,5,0.250000
107,4,1.000000
107,5,0.250000
108,4,1.000000
108,5,0.250000
109,4,1.000000
109,5,0.250000
110,4,1.000000
110,5,0.250000
111,4,1.000000
111,5,0.250000
112,4,1.000000
112,5,0.250000
113,4,1.000000
113,5,0.250000
114,4,1.000000
114,5,0.250000
115,4,1.000000
115,5,0.250000
116,4,1.000000
116,5,0.250000
117,4,1.000000
117,5,0.250000
118,4,1.000000
118,5,0.250000
119,4,1.000000
119,5,0.250000
120,4,1.000000
120,5,0.250000
121,4,1.000000
121,5,0.250000
122,4,1.000000
122,5,0.250000
123,4,1.000000
123,5,0.250000
124,4,1.000000
124,5,0.250000
125,4,1.000000
125,5,0.250000
126,4,1.000000
126,5,0.250000
127,4,1.000000
127,5,0.250000
128,4,1.000000
128,5,0.250000
129,4,1.000000
129,5,0.250000
130,4,1.000000
130,5,0.250000
131,4,1.000000
131,5,0.250000
132,4,1.000000
132,5,0.250000
133,4,1.000000
133,5,0.250000
134,4,1.000000
134,5,0.250000
135,4,1.000000
135,5,0.250000
136,4,1.000000
136,5,0.250000
137,4,1.000000
137,5,0.250000
138,4,1.000000
138,5,0.250000
139,4,1.000000
139,5,0.250000
140,4,1.000000
140,5,0.250000
141,4,1.000000
141,5,0.250000
142,4,1.000000
142,5,0.250000
143,4,1.000000
143,5,0.250000
144,4,1.000000
144,5,0.250000
145,4,1.000000
145,5,0.250000
146,4,1.000000
146,5,0.250000
147,4,1.000000
147,5,0.250000
148,4,1.000000
148,5,0.250000
149,4,1.000000
149,5,0.250000
150,4,1.000000
150,5,0.250000
151,4,1.000000
151,5,0.250000
152,4,1.000000
152,5,0.250000
153,4,1.000000
153,5,0.250000
154,4,1.000000
154,5,0.250000
155,4,1.000000
155,5,0.250000
156,4,1.000000
156,5,0.250000
157,4,1.000000
157,5,0.250000
158,4,1.000000
158,5,0.250000
159,4,1.000000
159,5,0.250000
160,4,1.000000
160,5,0.250000
161,4,1.000000
161,5,0.250000
162,4,1.000000
162,5,0.250000
163,4,1.000000
163,5,0.250000
164,4,1.000000
164,5,0.250000
165,4,1.000000
165,5,0.250000
166,4,1.000000
166,5,0.250000
167,4,1.000000
167,5,0.250000
168,4,1.000000
168,5,0.250000
169,4,1.000000
169,5,0.250000
170,4,1.000000
170,5,0.250000
171,4,1.000000
171,5,0.250000
172,4,1.000000
172,5,0.250000
173,4,1.000000
173,5,0.250000
174,4,1.000000
174,5,0.250000
175,4,1.000000
175,5,0.250000
176,4,1.000000
176,5,0.250000
177,4,1.000000
177,5,0.250000
178,4,1.000000
178,5,0.250000
179,4,1.000000
179,5,0.250000
180,4,1.000000
180,5,0.250000
181,4,1.000000
181,5,0.250000
182,4,1.000000
182,5,0.250000
183,4,1.000000
183,5,0.250000
184,4,1.000000
184,5,0.250000
185,4,1.000000
185,5,0.250000
186,4,1.000000
186,5,0.250000
187,4,1.000000
187,5,0.250000
188,4,1.000000
188,5,0.250000
189,4,1.000000
189,5,0.250000
190,4,1.000000
190,5,0.250000
191,4,1.000000
191,5,0.250000
192,4,1.000000
192,5,0.250000
193,4,1.000000
193,5,0.250000
194,4,1.000000
194,5,0.250000
195,4,1.000000
195,5,0.250000
196,4,1.000000
196,5,0.250000
197,4,1.000000
197,5,0.250000
198,4,1.000000
198,5,0.250000
199,4,1.000000
199,5,0.250000
200,4,1.000000
200,5,0.250000
201,4,1.000000
201,5,0.250000
202,4,1.000000
202,5,0.250000
203,4,1.000000
203,5,0.250000
204,4,1.000000
204,5,0.250000
205,4,1.000000
205,5,0.250000
206,4,1.000000
206,5,0.250000
207,4,1.000000
207,5,0.250000
208,4,1.000000
208,5,0.250000
209,4,1.000000
209,5,0.250000
210,4,1.000000
210,5,0.250000
211,4,1.000000
211,5,0.250000
212,4,1.000000
212,5,0.250000
213,4,1.000000
213,5,0.250000
214,4,1.000000
214,5,0.250000
215,4,1.000000
215,5,0.250000
216,4,1.000000
216,5,0.250000
217,4,1.000000
217,5,0.250000
218,4,1.000000
218,5,0.250000
219,4,1.000000
219,5,0.250000
220,4,1.000000
220,5,0.250000
221,4,1.000000
221,5,0.250000
222,4,1.000000
222,5,0.250000
223,4,1.000000
223,5,0.250000
224,4,1.000000
224,5,0.250000
225,4,1.000000
225,5,0.250000
226,4,1.000000
226,5,0.250000
227,4,1.000000
227,5,0.250000
228,4,1.000000
228,5,0.250000
229,4,1.000000
229,5,0.250000
230,4,1.000000
230,5,0.250000
231,4,1.000000
231,5,0.250000
232,4,1.000000
232,5,0.250000
233,4,1.000000
233,5,0.250000
234,4,1.000000
234,5,0.250000
235,4,1.000000
235,5,0.250000
236,4,1.000000
236,5,0.250000
237,4,1.000000
237,5,0.250000
238,4,1.000000
238,5,0.250000
239,4,1.000000
239,5,0.250000
240,4,1.000000
240,5,0.250000
241,4,1.000000
241,5,0.250000
242,4,1.000000
242,5,0.250000
243,4,1.000000
243,5,0.250000
244,4,1.000000
244,5,0.250000
245,4,1.000000
245,5,0.250000
246,4,1.000000
246,5,0.250000
247,4,1.000000
247,5,0.250000
248,4,1.000000
248,5,0.250000
249,4,1.000000
249,5,0.250000
250,4,1.000000
250,5,0.250000
251,4,1.000000
251,5,0.250000
252,4,1.000000
252,5,0.250000
253,4,1.000000
253,5,0.250000
254,4,1.000000
254,5,0.250000
255,4,1.000000
255,5,0.250000
256,4,1.000000
256,5,0.250000
257,4,1.000000
257,5,0.250000
258,4,1.000000
258,5,0.250000
259,4,1.000000
259,5,0.250000
260,4,1.000000
260,5,0.250000
261,4,1.000000
261,5,0.250000
262,4,1.000000
262,5,0.250000
263,4,1.000000
263,5,0.250000
264,4,1.000000
264,5,0.250000
265,4,1.000000
265,5,0.250000
266,4,1.000000
266,5,0.250000
267,4,1.000000
267,5,0.250000
268,4,1.000000
268,5,0.250000
269,4,1.000000
269,5,0.250000
270,4,1.000000
270,5,0.250000
271,4,1.000000
271,5,0.250000
272,4,1.000000
272,5,0.250000
273,4,1.000000
273,5,0.250000
274,4,1.000000
274,5,0.250000
275,4,1.000000
275,5,0.250000
276,4,1.000000
276,5,0.250000
277,4,1.000000
277,5,0.250000
278,4,1.000000
278,5,0.250000
279,4,1.000000
279,5,0.250000
280,4,1.000000
280,5,0.250000
281,4,1.000000
281,5,0.250000
282,4,1.000000
282,5,0.250000
283,4,1.000000
283,5,0.250000
284,4,1.000000
284,5,0.250000
285,4,1.000000
285,5,0.250000
286,4,1.000000
286,5,0.250000
287,4,1.000000
287,5,0.250000
288,4,1.000000
288,5,0.250000
289,4,1.000000
289,5,0.250000
290,4,1.000000
290,5,0.250000
291,4,1.000000
291,5,0.250000
292,4,1.000000
292,5,0.250000
293,4,1.000000
293,5,0.250000
294,4,1.000000
294,5,0.250000
295,4,1.000000
295,5,0.250000
296,4,1.000000
296,5,0.250000
297,4,1.000000
297,5,0.250000
298,4,1.000000
298,5,0.250000
299,4,1.000000
299,5,0.250000
300,4,1.000000
300,5,0.250000
301,4,1.000000
301,5,0.250000
302,4,1.000000
302,5,0.250000
303,4,1.000000
303,5,0.250000
304,4,1.000000
304,5,0.250000
305,4,1.000000
305,5,0.250000
306,4,1.000000
306,5,0.250000
307,4,1.000000
307,5,0.250000
308,4,1.000000
308,5,0.250000
309,4,1.000000
309,5,0.250000
310,4,1.000000
310,5,0.250000
311,4,1.000000
311,5,0.250000
312,4,1.000000
312,5,0.250000
313,4,1.000000
313,5,0.250000
314,4,1.000000
314,5,0.250000
315,4,1.000000
315,5,0.250000
316,4,1.000000
316,5,0.250000
317,4,1.000000
317,5,0.250000
318,4,1.000000
318,5,0.250000
319,4,1.000000
319,5,0.250000
320,4,1.000000
320,5,0.250000
321,4,1.000000
321,5,0.250000
322,4,1.000000
322,5,0.250000
323,4,1.000000
323,5,0.250000
324,4,1.000000
324,5,0.250000
325,4,1.000000
325,5,0.250000
326,4,1.000000
326,5,0.250000
327,4,1.000000
327,5,0.250000
328,4,1.000000
328,5,0.250000
329,4,1.000000
329,5,0.250000
330,4,1.000000
330,5,0.250000
331,4,1.000000
331,5,0.250000
332,4,1.000000
332,5,0.250000
333,4,1.000000
333,5,0.250000
334,4,1.000000
334,5,0.250000
335,4,1.000000
335,5,0.250000
336,4,1.000000
336,5,0.250000
337,4,1.000000
337,5,0.250000
338,4,1.000000
338,5,0.250000
339,4,1.000000
339,5,0.250000
340,4,1.000000
340,5,0.250000
341,4,1.000000
341,5,0.250000
342,4,1.000000
342,5,0.250000
343,4,1.000000
343,5,0.250000
344,4,1.000000
344,5,0.250000
345,4,1.000000
345,5,0.250000
346,4,1.000000
346,5,0.250000
347,4,1.000000
347,5,0.250000
348,4,1.000000
348,5,0.250000
349,4,1.000000
349,5,0.250000
350,4,1.000000
350,5,0.250000
351,4,1.000000
351,5,0.250000
352,4,1.000000
352,5,0.250000
353,4,1.000000
353,5,0.250000
354,4,1.000000
354,5,0.250000
355,4,1.000000
355,5,0.250000
356,4,1.000000
356,5,0.250000
357,4,1.000000
357,5,0.250000
358,4,1.000000
358,5,0.250000
359,4,1.000000
359,5,0.250000
360,4,1.000000
360,5,0.250000
361,4,1.000000
361,5,0.250000
362,4,1.000000
362,5,0.250000
363,4,1.000000
363,5,0.250000
364,4,1.000000
364,5,0.250000
365,4,1.000000
365,5,0.250000
366,4,1.000000
366,5,0.250000
367,4,1.000000
367,5,0.250000
368,4,1.000000
368,5,0.250000
369,4,1.000000
369,5,0.250000
370,4,1.000000
370,5,0.250000
371,4,1.000000
371,5,0.250000
372,4,1.000000
372,5,0.250000
373,4,1.000000
373,5,0.250000
374,4,1.000000
374,5,0.250000
375,4,1.000000
375,5,0.250000
376,4,1.000000
376,5,0.250000
377,4,1.000000
377,5,0.250000
378,4,1.000000
378,5,0.250000
379,4,1.000000
379,5,0.250000
380,4,1.000000
380,5,0.250000
381,4,1.000000
381,5,0.250000
382,4,1.000000
382,5,0.250000
383,4,1.000000
383,5,0.250000
384,4,1.000000
384,5,0.250000
385,4,1.000000
385,5,0.250000
386,4,1.000000
386,5,0.250000
387,4,1.000000
387,5,0.250000
388,4,1.000000
388,5,0.250000
389,4,1.000000
389,5,0.250000
390,4,1.000000
390,5,0.250000
391,4,1.000000
391,5,0.250000
392,4,1.000000
392,5,0.250000
393,4,1.000000
393,5,0.250000
394,4,1.000000
394,5,0.250000
395,4,1.000000
395,5,0.250000
396,4,1.000000
396,5,0.250000
397,4,1.000000
397,5,0.250000
398,4,1.000000
398,5,0.250000
399,4,1.000000
399,5,0.250000
400,4,1.000000
400,5,0.250000
401,4,1.000000
401,5,0.250000
402,4,1.000000
402,5,0.250000
403,4,1.000000
403,5,0.250000
404,4,1.000000
404,5,0.250000
405,4,1.000000
405,5,0.250000
406,4,1.000000
406,5,0.250000
407,4,1.000000
407,5,0.250000
408,4,1.000000
408,5,0.250000
409,4,1.000000
409,5,0.250000
410,4,1.000000
410,5,0.250000
411,4,1.000000
411,5,0.250000
412,4,1.000000
412,5,0.250000
413,4,1.000000
413,5,0.250000
414,4,1.000000
414,5,0.250000
415,4,1.000000
415,5,0.250000
416,4,1.000000
416,5,0.250000
417,4,1.000000
417,5,0.250000
418,4,1.000000
418,5,0.250000
419,4,1.000000
419,5,0.250000
420,4,1.000000
420,5,0.250000
421,4,1.000000
421,5,0.250000
422,4,1.000000
422,5,0.250000
423,4,1.000000
423,5,0.250000
424,4,1.000000
424,5,0.250000
425,4,1.000000
425,5,0.250000
426,4,1.000000
426,5,0.250000
427,4,1.000000
427,5,0.250000
428,4,1.000000
428,5,0.250000
429,4,1.000000
429,5,0.250000
430,4,1.000000
430,5,0.250000
431,4,1.000000
431,5,0.250000
432,4,1.000000
432,5,0.250000
433,4,1.000000
433,5,0.250000
434,4,1.000000
434,5,0.250000
435,4,1.000000
435,5,0.250000
436,4,1.000000
436,5,0.250000
437,4,1.000000
437,5,0.250000
438,4,1.000000
438,5,0.250000
439,4,1.000000
439,5,0.250000
440,4,1.000000
440,5,0.250000
441,4,1.000000
441,5,0.250000
442,4,1.000000
442,5,0.250000
443,4,1.000000
443,5,0.250000
444,4,1.000000
444,5,0.250000
445,4,1.000000
445,5,0.250000
446,4,1.000000
446,5,0.250000
447,4,1.000000
447,5,0.250000
448,4,1.000000
448,5,0.250000
449,4,1.000000
449,5,0.250000
450,4,1.000000
450,5,0.250000
451,4,1.000000
451,5,0.250000
452,4,1.000000
452,5,0.250000
453,4,1.000000
453,5,0.250000
454,4,1.000000
454,5,0.250000
455,4,1.000000
455,5,0.250000
456,4,1.000000
456,5,0.250000
457,4,1.000000
457,5,0.250000
458,4,1.000000
458,5,0.250000
459,4,1.000000
459,5,0.250000
460,4,1.000000
460,5,0.250000
461,4,1.000000
461,5,0.250000
462,4,1.000000
462,5,0.250000
463,4,1.000000
463,5,0.250000
464,4,1.000000
464,5,0.250000
465,4,1.000000
465,5,0.250000
466,4,1.000000
466,5,0.250000
467,4,1.000000
467,5,0.250000
468,4,1.000000
468,5,0.250000
469,4,1.000000
469,5,0.250000
470,4,1.000000
470,5,0.250000
471,4,1.000000
471,5,0.250000
472,4,1.000000
472,5,0.250000
473,4,1.000000
473,5,0.250000
474,4,1.000000
474,5,0.250000
475,4,1.000000
475,5,0.250000
476,4,1.000000
476,5,0.250000
477,4,1.000000
477,5,0.250000
478,4,1.000000
478,5,0.250000
479,4,1.000000
479,5,0.250000
480,4,1.000000
480,5,0.250000
481,4,1.000000
481,5,0.250000
482,4,1.000000
482,5,0.250000
483,4,1.000000
483,5,0.250000
484,4,1.000000
484,5,0.250000
485,4,1.000000
485,5,0.250000
486,4,1.000000
486,5,0.250000
487,4,1.000000
487,5,0.250000
488,4,1.000000
488,5,0.250000
489,4,1.000000
489,5,0.250000
490,4,1.000000
490,5,0.250000
491,4,1.000000
491,5,0.250000
492,4,1.000000
492,5,0.250000
493,4,1.000000
493,5,0.250000
494,4,1.000000
494,5,0.250000
495,4,1.000000
495,5,0.250000
496,4,1.000000
496,5,0.250000
497,4,1.000000
497,5,0.250000
498,4,1.000000
498,5,0.250000
499,4,1.000000
499,5,0.250000
500,4,1.000000
500,5,0.250000
501,4,1.000000
501,5,0.250000
502,4,1.000000
502,5,0.250000
503,4,1.000000
503,5,0.250000
504,4,1.000000
504,5,0.250000
505,4,1.000000
505,5,0.250000
506,4,1.000000
506,5,0.250000
507,4,1.000000
507,5,0.250000
508,4,1.000000
508,5,0.250000
509,4,1.000000
509,5,0.250000
510,4,1.000000
510,5,0.250000
511,4,1.000000
511,5,0.250000
512,4,1.000000
512,5,0.250000
513,4,1.000000
513,5,0.250000
514,4,1.000000
514,5,0.250000
515,4,1.000000
515,5,0.250000
516,4,1.000000
516,5,0.250000
517,4,1.000000
517,5,0.250000
518,4,1.000000
518,5,0.250000
519,4,1.000000
519,5,0.250000
520,4,1.000000
520,5,0.250000
521,4,1.000000
521,5,0.250000
522,4,1.000000
522,5,0.250000
523,4,1.000000
523,5,0.250000
524,4,1.000000
524,5,0.250000
525,4,1.000000
525,5,0.250000
526,4,1.000000
526,5,0.250000
527,4,1.000000
527,5,0.250000
528,4,1.000000
528,5,0.250000
529,4,1.000000
529,5,0.250000
530,4,1.000000
530,5,0.250000
531,4,1.000000
531,5,0.250000
532,4,1.000000
532,5,0.250000
533,4,1.000000
533,5,0.250000
534,4,1.000000
534,5,0.250000
535,4,1.000000
535,5,0.250000
536,4,1.000000
536,5,0.250000
537,4,1.000000
537,5,0.250000
538,4,1.000000
538,5,0.250000
539,4,1.000000
539,5,0.250000
540,4,1.000000
540,5,0.250000
541,4,1.000000
541,5,0.250000
542,4,1.000000
542,5,0.250000
543,4,1.000000
543,5,0.250000
544,4,1.000000
544,5,0.250000
545,4,1.000000
545,5,0.250000
546,4,1.000000
546,5,0.250000
547,4,1.000000
547,5,0.250000
548,4,1.000000
548,5,0.250000
549,4,1.000000
549,5,0.250000
550,4,1.000000
550,5,0.250000
551,4,1.000000
551,5,0.250000
552,4,1.000000
552,5,0.250000
553,4,1.000000
553,5,0.250000
554,4,1.000000
554,5,0.250000
555,4,1.000000
555,5,0.250000
556,4,1.000000
556,5,0.250000
557,4,1.000000
557,5,0.250000
558,4,1.000000
558,5,0.250000
559,4,1.000000
559,5,0.250000
560,4,1.000000
560,5,0.250000
561,4,1.000000
561,5,0.250000
562,4,1.000000
562,5,0.250000
563,4,1.000000
563,5,0.250000
564,4,1.000000
564,5,0.250000
565,4,1.000000
565,5,0.250000
566,4,1.000000
566,5,0.250000
567,4,1.000000
567,5,0.250000
568,4,1.000000
568,5,0.250000
569,4,1.000000
569,5,0.250000
570,4,1.000000
570,5,0.250000
571,4,1.000000
571,5,0.250000
572,4,1.000000
572,5,0.250000
573,4,1.000000
573,5,0.250000
574,4,1.000000
574,5,0.250000
575,4,1.000000
575,5,0.250000
576,4,1.000000
576,5,0.250000
577,4,1.000000
577,5,0.250000
578,4,1.000000
578,5,0.250000
579,4,1.000000
579,5,0.250000
580,4,1.000000
580,5,0.250000
581,4,1.000000
581,5,0.250000
582,4,1.000000
582,5,0.250000
583,4,1.000000
583,5,0.250000
584,4,1.000000
584,5,0.250000
585,4,1.000000
585,5,0.250000
586,4,1.000000
586,5,0.250000
587,4,1.000000
587,5,0.250000
588,4,1.000000
588,5,0.250000
589,4,1.000000
589,5,0.250000
590,4,1.000000
590,5,0.250000
591,4,1.000000
591,5,0.250000
592,4,1.000000
592,5,0.250000
593,4,1.000000
593,5,0.250000
594,4,1.000000
594,5,0.250000
595,4,1.000000
595,5,0.250000
596,4,1.000000
596,5,0.250000
597,4,1.000000
597,5,0.250000
598,4,1.000000
598,5,0.250000
599,4,1.000000
599,5,0.250000
600,4,1.000000
600,5,0.250000
601,4,1.000000
601,5,0.250000
602,4,1.000000
602,5,0.250000
603,4,1.000000
603,5,0.250000
604,4,1.000000
604,5,0.250000
605,4,1.000000
605,5,0.250000
606,4,1.000000
606,5,0.250000
607,4,1.000000
607,5,0.250000
608,4,1.000000
608,5,0.250000
609,4,1.000000
609,5,0.250000
610,4,1.000000
610,5,0.250000
611,4,1.000000
611,5,0.250000
612,4,1.000000
612,5,0.250000
613,4,1.000000
613,5,0.250000
614,4,1.000000
614,5,0.250000
615,4,1.000000
615,5,0.250000
616,4,1.000000
616,5,0.250000
617,4,1.000000
617,5,0.250000
618,4,1.000000
618,5,0.250000
619,4,1.000000
619,5,0.250000
620,4,1.000000
620,5,0.250000
621,4,1.000000
621,5,0.250000
622,4,1.000000
622,5,0.250000
623,4,1.000000
623,5,0.250000
624,4,1.000000
624,5,0.250000
625,4,1.000000
625,5,0.250000
626,4,1.000000
626,5,0.250000
627,4,1.000000
627,5,0.250000
628,4,1.000000
628,5,0.250000
629,4,1.000000
629,5,0.250000
630,4,1.000000
630,5,0.250000
631,4,1.000000
631,5,0.250000
632,4,1.000000
632,5,0.250000
633,4,1.000000
633,5,0.250000
634,4,1.000000
634,5,0.250000
635,4,1.000000
635,5,0.250000
636,4,1.000000
636,5,0.250000
637,4,1.000000
637,5,0.250000
638,4,1.000000
638,5,0.250000
639,4,1.000000
639,5,0.250000
640,4,1.000000
640,5,0.250000
641,4,1.000000
641,5,0.250000
642,4,1.000000
642,5,0.250000
643,4,1.000000
643,5,0.250000
644,4,1.000000
644,5,0.250000
645,4,1.000000
645,5,0.250000
646,4,1.000000
646,5,0.250000
647,4,1.000000
647,5,0.250000
648,4,1.000000
648,5,0.250000
649,4,1.000000
649,5,0.250000
650,4,1.000000
650,5,0.250000
651,4,1.000000
651,5,0.250000
652,4,1.000000
652,5,0.250000
653,4,1.000000
653,5,0.250000
654,4,1.000000
654,5,0.250000
655,4,1.000000
655,5,0.250000
656,4,1.000000
656,5,0.250000
657,4,1.000000
657,5,0.250000
658,4,1.000000
658,5,0.250000
659,4,1.000000
659,5,0.250000
660,4,1.000000
660,5,0.250000
661,4,1.000000
661,5,0.250000
662,4,1.000000
662,5,0.250000
663,4,1.000000
663,5,0.250000
664,4,1.000000
664,5,0.250000
665,4,1.000000
665,5,0.250000
666,4,1.000000
666,5,0.250000
667,4,1.000000
667,5,0.250000
668,4,1.000000
668,5,0.250000
669,4,1.000000
669,5,0.250000
670,4,1.000000
670,5,0.250000
671,4,1.000000
671,5,0.250000
672,4,1.000000
672,5,0.250000
673,4,1.000000
673,5,0.250000
674,4,1.000000
674,5,0.250000
675,4,1.000000
675,5,0.250000
676,4,1.000000
676,5,0.250000
677,4,1.000000
677,5,0.250000
678,4,1.000000
678,5,0.250000
679,4,1.000000
679,5,0.250000
680,4,1.000000
680,5,0.250000
681,4,1.000000
681,5,0.250000
682,4,1.000000
682,5,0.250000
683,4,1.000000
683,5,0.250000
684,4,1.000000
684,5,0.250000
685,4,1.000000
685,5,0.250000
686,4,1.000000
686,5,0.250000
687,4,1.000000
687,5,0.250000
688,4,1.000000
688,5,0.250000
689,4,1.000000
689,5,0.250000
690,4,1.000000
690,5,0.250000
691,4,1.000000
691,5,0.250000
692,4,1.000000
692,5,0.250000
693,4,1.000000
693,5,0.250000
694,4,1.000000
694,5,0.250000
695,4,1.000000
695,5,0.250000
696,4,1.000000
696,5,0.250000
697,4,1.000000
697,5,0.250000
698,4,1.000000
698,5,0.250000
699,4,1.000000
699,5,0.250000
700,4,1.000000
700,5,0.250000
701,4,1.000000
701,5,0.250000
702,4,1.000000
702,5,0.250000
703,4,1.000000
703,5,0.250000
704,4,1.000000
704,5,0.250000
705,4,1.000000
705,5,0.250000
706,4,1.000000
706,5,0.250000
707,4,1.000000
707,5,0.250000
708,4,1.000000
708,5,0.250000
709,4,1.000000
709,5,0.250000
710,4,1.000000
710,5,0.250000
711,4,1.000000
711,5,0.250000
712,4,1.000000
712,5,0.250000
713,4,1.000000
713,5,0.250000
714,4,1.000000
714,5,0.250000
715,4,1.000000
715,5,0.250000
716,4,1.000000
716,5,0.250000
717,4,1.000000
717,5,0.250000
718,4,1.000000
718,5,0.250000
719,4,1.000000
719,5,0.250000
720,4,1.000000
720,5,0.250000
721,4,1.000000
721,5,0.250000
722,4,1.000000
722,5,0.250000
723,4,1.000000
723,5,0.250000
724,4,1.000000
724,5,0.250000
725,4,1.000000
725,5,0.250000
726,4,1.000000
726,5,0.250000
727,4,1.000000
727,5,0.250000
728,4,1.000000
728,5,0.250000
729,4,1.000000
729,5,0.250000
730,4,1.000000
730,5,0.250000
731,4,1.000000
731,5,0.250000
732,4,1.000000
732,5,0.250000
733,4,1.000000
733,5,0.250000
734,4,1.000000
734,5,0.250000
735,4,1.000000
735,5,0.250000
736,4,1.000000
736,5,0.250000
737,4,1.000000
737,5,0.250000
738,4,1.000000
738,5,0.250000
739,4,1.000000
739,5,0.250000
740,4,1.000000
740,5,0.250000
741,4,1.000000
741,5,0.250000
742,4,1.000000
742,5,0.250000
743,4,1.000000
743,5,0.250000
744,4,1.000000
744,5,0.250000
745,4,1.000000
745,5,0.250000
746,4,1.000000
746,5,0.250000
747,4,1.000000
747,5,0.250000
748,4,1.000000
748,5,0.250000
749,4,1.000000
749,5,0.250000
750,4,1.000000
750,5,0.250000
751,4,1.000000
751,5,0.250000
752,4,1.000000
752,5,0.250000
753,4,1.000000
753,5,0.250000
754,4,1.000000
754,5,0.250000
755,4,1.000000
755,5,0.250000
756,4,1.000000
756,5,0.250000
757,4,1.000000
757,5,0.250000
758,4,1.000000
758,5,0.250000
759,4,1.000000
759,5,0.250000
760,4,1.000000
760,5,0.250000
761,4,1.000000
761,5,0.250000
762,4,1.000000
762,5,0.250000
763,4,1.000000
763,5,0.250000
764,4,1.000000
764,5,0.250000
765,4,1.000000
765,5,0.250000
766,4,1.000000
766,5,0.250000
767,4,1.000000
767,5,0.250000
768,4,1.000000
768,5,0.250000
769,4,1.000000
769,5,0.250000
770,4,1.000000
770,5,0.250000
771,4,1.000000
771,5,0.250000
772,4,1.000000
772,5,0.250000
773,4,1.000000
773,5,0.250000
774,4,1.000000
774,5,0.250000
775,4,1.000000
775,5,0.250000
776,4,1.000000
776,5,0.250000
777,4,1.000000
777,5,0.250000
778,4,1.000000
778,5,0.250000
779,4,1.000000
779,5,0.250000
780,4,1.000000
780,5,0.250000
781,4,1.000000
781,5,0.250000
782,4,1.000000
782,5,0.250000
783,4,1.000000
783,5,0.250000
784,4,1.000000
784,5,0.250000
785,4,1.000000
785,5,0.250000
786,4,1.000000
786,5,0.250000
787,4,1.000000
787,5,0.250000
788,4,1.000000
788,5,0.250000
789,4,1.000000
789,5,0.250000
790,4,1.000000
790,5,0.250000
791,4,1.000000
791,5,0.250000
792,4,1.000000
792,5,0.250000
793,4,1.000000
793,5,0.250000
794,4,1.000000
794,5,0.250000
795,4,1.000000
795,5,0.250000
796,4,1.000000
796,5,0.250000
797,4,1.000000
797,5,0.250000
798,4,1.000000
798,5,0.250000
799,4,1.000000
799,5,0.250000
800,4,1.000000
800,5,0.250000
801,4,1.000000
801,5,0.250000
802,4,1.000000
802,5,0.250000
803,4,1.000000
803,5,0.250000
804,4,1.000000
804,5,0.250000
805,4,1.000000
805,5,0.250000
806,4,1.000000
806,5,0.250000
807,4,1.000000
807,5,0.250000
808,4,1.000000
808,5,0.250000
809,4,1.000000
809,5,0.250000
810,4,1.000000
810,5,0.250000
811,4,1.000000
811,5,0.250000
812,4,1.000000
812,5,0.250000
813,4,1.000000
813,5,0.250000
814,4,1.000000
814,5,0.250000
815,4,1.000000
815,5,0.250000
816,4,1.000000
816,5,0.250000
817,4,1.000000
817,5,0.250000
818,4,1.000000
818,5,0.250000
819,4,1.000000
819,5,0.250000
820,4,1.000000
820,5,0.250000
821,4,1.000000
821,5,0.250000
822,4,1.000000
822,5,0.250000
823,4,1.000000
823,5,0.250000
824,4,1.000000
824,5,0.250000
825,4,1.000000
825,5,0.250000
826,4,1.000000
826,5,0.250000
827,4,1.000000
827,5,0.250000
828,4,1.000000
828,5,0.250000
829,4,1.000000
829,5,0.250000
830,4,1.000000
830,5,0.250000
831,4,1.000000
831,5,0.250000
832,4,1.000000
832,5,0.250000
833,4,1.000000
833,5,0.250000
834,4,1.000000
834,5,0.250000
835,4,1.000000
835,5,0.250000
836,4,1.000000
836,5,0.250000
837,4,1.000000
837,5,0.250000
838,4,1.000000
838,5,0.250000
839,4,1.000000
839,5,0.250000
840,4,1.000000
840,5,0.250000
841,4,1.000000
841,5,0.250000
842,4,1.000000
842,5,0.250000
843,4,1.000000
843,5,0.250000
844,4,1.000000
844,5,0.250000
845,4,1.000000
845,5,0.250000
846,4,1.000000
846,5,0.250000
847,4,1.000000
847,5,0.250000
848,4,1.000000
848,5,0.250000
849,4,1.000000
849,5,0.250000
850,4,1.000000
850,5,0.250000
851,4,1.000000
851,5,0.250000
852,4,1.000000
852,5,0.250000
853,4,1.000000
853,5,0.250000
854,4,1.000000
854,5,0.250000
855,4,1.000000
855,5,0.250000
856,4,1.000000
856,5,0.250000
857,4,1.000000
857,5,0.250000
858,4,1.000000
858,5,0.250000
859,4,1.000000
859,5,0.250000
860,4,1.000000
860,5,0.250000
861,4,1.000000
861,5,0.250000
862,4,1.000000
862,5,0.250000
863,4,1.000000
863,5,0.250000
864,4,1.000000
864,5,0.250000
865,4,1.000000
865,5,0.250000
866,4,1.000000
866,5,0.250000
867,4,1.000000
867,5,0.250000
868,4,1.000000
868,5,0.250000
869,4,1.000000
869,5,0.250000
870,4,1.000000
870,5,0.250000
871,4,1.000000
871,5,0.250000
872,4,1.000000
872,5,0.250000
873,4,1.000000
873,5,0.250000
874,4,1.000000
874,5,0.250000
875,4,1.000000
875,5,0.250000
876,4,1.000000
876,5,0.250000
877,4,1.000000
877,5,0.250000
878,4,1.000000
878,5,0.250000
879,4,1.000000
879,5,0.250000
880,4,1.000000
880,5,0.250000
881,4,1.000000
881,5,0.250000
882,4,1.000000
882,5,0.250000
883,4,1.000000
883,5,0.250000
884,4,1.000000
884,5,0.250000
885,4,1.000000
885,5,0.250000
886,4,1.000000
886,5,0.250000
887,4,1.000000
887,5,0.250000
888,4,1.000000
888,5,0.250000
889,4,1.000000
889,5,0.250000
890,4,1.000000
890,5,0.250000
891,4,1.000000
891,5,0.250000
892,4,1.000000
892,5,0.250000
893,4,1.000000
893,5,0.250000
894,4,1.000000
894,5,0.250000
895,4,1.000000
895,5,0.250000
896,4,1.000000
896,5,0.250000
897,4,1.000000
897,5,0.250000
898,4,1.000000
898,5,0.250000
899,4,1.000000
899,5,0.250000
900,4,1.000000
900,5,0.250000
901,4,1.000000
901,5,0.250000
902,4,1.000000
902,5,0.250000
903,4,1.000000
903,5,0.250000
904,4,1.000000
904,5,0.250000
905,4,1.000000
905,5,0.250000
906,4,1.000000
906,5,0.250000
907,4,1.000000
907,5,0.250000
908,4,1.000000
908,5,0.250000
909,4,1.000000
909,5,0.250000
910,4,1.000000
910,5,0.250000
911,4,1.000000
911,5,0.250000
912,4,1.000000
912,5,0.250000
913,4,1.000000
913,5,0.250000
914,4,1.000000
914,5,0.250000
915,4,1.000000
915,5,0.250000
916,4,1.000000
916,5,0.250000
917,4,1.000000
917,5,0.250000
918,4,1.000000
918,5,0.250000
919,4,1.000000
919,5,0.250000
920,4,1.000000
920,5,0.250000
921,4,1.000000
921,5,0.250000
922,4,1.000000
922,5,0.250000
923,4,1.000000
923,5,0.250000
924,4,1.000000
924,5,0.250000
925,4,1.000000
925,5,0.250000
926,4,1.000000
926,5,0.250000
927,4,1.000000
927,5,0.250000
928,4,1.000000
928,5,0.250000
929,4,1.000000
929,5,0.250000
930,4,1.000000
930,5,0.250000
931,4,1.000000
931,5,0.250000
932,4,1.000000
932,5,0.250000
933,4,1.000000
933,5,0.250000
934,4,1.000000
934,5,0.250000
935,4,1.000000
935,5,0.250000
936,4,1.000000
936,5,0.250000
937,4,1.000000
937,5,0.250000
938,4,1.000000
938,5,0.250000
939,4,1.000000
939,5,0.250000
940,4,1.000000
940,5,0.250000
941,4,1.000000
941,5,0.250000
942,4,1.000000
942,5,0.250000
943,4,1.000000
943,5,0.250000
944,4,1.000000
944,5,0.250000
945,4,1.000000
945,5,0.250000
946,4,1.000000
946,5,0.250000
947,4,1.000000
947,5,0.250000
948,4,1.000000
948,5,0.250000
949,4,1.000000
949,5,0.250000
950,4,1.000000
950,5,0.250000
951,4,1.000000
951,5,0.250000
952,4,1.000000
952,5,0.250000
953,4,1.000000
953,5,0.250000
954,4,1.000000
954,5,0.250000
955,4,1.000000
955,5,0.250000
956,4,1.000000
956,5,0.250000
957,4,1.000000
957,5,0.250000
958,4,1.000000
958,5,0.250000
959,4,1.000000
959,5,0.250000
960,4,1.000000
960,5,0.250000
961,4,1.000000
961,5,0.250000
962,4,1.000000
962,5,0.250000
963,4,1.000000
963,5,0.250000
964,4,1.000000
964,5,0.250000
965,4,1.000000
965,5,0.250000
966,4,1.000000
966,5,0.250000
967,4,1.000000
967,5,0.250000
968,4,1.000000
968,5,0.250000
969,4,1.000000
969,5,0.250000
970,4,1.000000
970,5,0.250000
971,4,1.000000
971,5,0.250000
972,4,1.000000
972,5,0.250000
973,4,1.000000
973,5,0.250000
974,4,1.000000
974,5,0.250000
975,4,1.000000
975,5,0.250000
976,4,1.000000
976,5,0.250000
977,4,1.000000
977,5,0.250000
978,4,1.000000
978,5,0.250000
979,4,1.000000
979,5,0.250000
980,4,1.000000
980,5,0.250000
981,4,1.000000
981,5,0.250000
982,4,1.000000
982,5,0.250000
983,4,1.000000
983,5,0.250000
984,4,1.000000
984,5,0.250000
985,4,1.000000
985,5,0.250000
986,4,1.000000
986,5,0.250000
987,4,1.000000
987,5,0.250000
988,4,1.000000
988,5,0.250000
989,4,1.000000
989,5,0.250000
990,4,1.000000
990,5,0.250000
991,4,1.000000
991,5,0.250000
992,4,1.000000
992,5,0.250000
993,4,1.000000
993,5,0.250000
994,4,1.000000
994,5,0.250000
995,4,1.000000
995,5,0.250000
996,4,1.000000
996,5,0.250000
997,4,1.000000
997,5,0.250000
998,4,1.000000
998,5,0.250000
999,4,1.000000
999,5,0.250000
1000,4,1.000000
1000,5,0.250000
1001,4,1.000000
1001,5,0.250000
1002,4,1.000000
1002,5,0.250000
1003,4,1.000000
1003,5,0.250000
1004,4,1.000000
1004,5,0.250000
1005,4,1.000000
1005,5,0.250000
1006,4,1.000000
1006,5,0.250000
1007,4,1.000000
1007,5,0.250000
1008,4,1.000000
1008,5,0.250000
1009,4,1.000000
1009,5,0.250000
1010,4,1.000000
1010,5,0.250000
1011,4,1.000000
1011,5,0.250000
1012,4,1.000000
1012,5,0.250000
1013,4,1.000000
1013,5,0.250000
1014,4,1.000000
1014,5,0.250000
1015,4,1.000000
1015,5,0.250000
1016,4,1.000000
1016,5,0.250000
1017,4,1.000000
1017,5,0.250000
1018,4,1.000000
1018,5,0.250000
1019,4,1.000000
1019,5,0.250000
1020,4,1.000000
1020,5,0.250000
1021,4,1.000000
1021,5,0.250000
1022,4,1.000000
1022,5,0.250000
1023,4,1.000000
1023,5,0.250000
1024,4,1.000000
1024,5,0.250000
1025,4,1.000000
1025,5,0.250000
1026,4,1.000000
1026,5,0.250000
1027,4,1.000000
1027,5,0.250000
1028,4,1.000000
1028,5,0.250000
1029,4,1.000000
1029,5,0.250000
1030,4,1.000000
1030,5,0.250000
1031,4,1.000000
1031,5,0.250000
1032,4,1.000000
1032,5,0.250000
1033,4,1.000000
1033,5,0.250000
1034,4,1.000000
1034,5,0.250000
1035,4,1.000000
1035,5,0.250000
1036,4,1.000000
1036,5,0.250000
1037,4,1.000000
1037,5,0.250000
1038,4,1.000000
1038,5,0.250000
1039,4,1.000000
1039,5,0.250000
1040,4,1.000000
1040,5,0.250000
1041,4,1.000000
1041,5,0.250000
1042,4,1.000000
1042,5,0.250000
1043,4,1.000000
1043,5,0.250000
1044,4,1.000000
1044,5,0.250000
1045,4,1.000000
1045,5,0.250000
1046,4,1.000000
1046,5,0.250000
1047,4,1.000000
1047,5,0.250000
1048,4,1.000000
1048,5,0.250000
1049,4,1.000000
1049,5,0.250000
1050,4,1.000000
1050,5,0.250000
1051,4,1.000000
1051,5,0.250000
1052,4,1.000000
1052,5,0.250000
1053,4,1.000000
1053,5,0.250000
1054,4,1.000000
1054,5,0.250000
1055,4,1.000000
1055,5,0.250000
1056,4,1.000000
1056,5,0.250000
1057,4,1.000000
1057,5,0.250000
1058,4,1.000000
1058,5,0.250000
1059,4,1.000000
1059,5,0.250000
1060,4,1.000000
1060,5,0.250000
1061,4,1.000000
1061,5,0.250000
1062,4,1.000000
1062,5,0.250000
1063,4,1.000000
1063,5,0.250000
1064,4,1.000000
1064,5,0.250000
1065,4,1.000000
1065,5,0.250000
1066,4,1.000000
1066,5,0.250000
1067,4,1.000000
1067,5,0.250000
1068,4,1.000000
1068,5,0.250000
1069,4,1.000000
1069,5,0.250000
1070,4,1.000000
1070,5,0.250000
1071,4,1.000000
1071,5,0.250000
1072,4,1.000000
1072,5,0.250000
1073,4,1.000000
1073,5,0.250000
1074,4,1.000000
1074,5,0.250000
1075,4,1.000000
1075,5,0.250000
1076,4,1.000000
1076,5,0.250000
1077,4,1.000000
1077,5,0.250000
1078,4,1.000000
1078,5,0.250000
1079,4,1.000000
1079,5,0.250000
1080,4,1.000000
1080,5,0.250000
1081,4,1.000000
1081,5,0.250000
1082,4,1.000000
1082,5,0.250000
1083,4,1.000000
1083,5,0.250000
1084,4,1.000000
1084,5,0.250000
1085,4,1.000000
1085,5,0.250000
1086,4,1.000000
1086,5,0.250000
1087,4,1.000000
1087,5,0.250000
1088,4,1.000000
1088,5,0.250000
1089,4,1.000000
1089,5,0.250000
1090,4,1.000000
1090,5,0.250000
1091,4,1.000000
1091,5,0.250000
1092,4,1.000000
1092,5,0.250000
1093,4,1.000000
1093,5,0.250000
1094,4,1.000000
1094,5,0.250000
1095,4,1.000000
1095,5,0.250000
1096,4,1.000000
1096,5,0.250000
1097,4,1.000000
1097,5,0.250000
1098,4,1.000000
1098,5,0.250000
1099,4,1.000000
1099,5,0.250000
1100,4,1.000000
1100,5,0.250000
1101,4,1.000000
1101,5,0.250000
1102,4,1.000000
1102,5,0.250000
1103,4,1.000000
1103,5,0.250000
1104,4,1.000000
1104,5,0.250000
1105,4,1.000000
1105,5,0.250000
1106,4,1.000000
1106,5,0.250000
1107,4,1.000000
1107,5,0.250000
1108,4,1.000000
1108,5,0.250000
1109,4,1.000000
1109,5,0.250000
1110,4,1.000000
1110,5,0.250000
1111,4,1.000000
1111,5,0.250000
1112,4,1.000000
1112,5,0.250000
1113,4,1.000000
1113,5,0.250000
1114,4,1.000000
1114,5,0.250000
1115,4,1.000000
1115,5,0.250000
1116,4,1.000000
1116,5,0.250000
1117,4,1.000000
1117,5,0.250000
1118,4,1.000000
1118,5,0.250000
1119,4,1.000000
1119,5,0.250000
1120,4,1.000000
1120,5,0.250000
1121,4,1.000000
1121,5,0.250000
1122,4,1.000000
1122,5,0.250000
1123,4,1.000000
1123,5,0.250000
1124,4,1.000000
1124,5,0.250000
1125,4,1.000000
1125,5,0.250000
1126,4,1.000000
1126,5,0.250000
1127,4,1.000000
1127,5,0.250000
1128,4,1.000000
1128,5,0.250000
1129,4,1.000000
1129,5,0.250000
1130,4,1.000000
1130,5,0.250000
1131,4,1.000000
1131,5,0.250000
1132,4,1.000000
1132,5,0.250000
1133,4,1.000000
1133,5,0.250000
1134,4,1.000000
1134,5,0.250000
1135,4,1.000000
1135,5,0.250000
1136,4,1.000000
1136,5,0.250000
1137,4,1.000000
1137,5,0.250000
1138,4,1.000000
1138,5,0.250000
1139,4,1.000000
1139,5,0.250000
1140,4,1.000000
1140,5,0.250000
1141,4,1.000000
1141,5,0.250000
1142,4,1.000000
1142,5,0.250000
1143,4,1.000000
1143,5,0.250000
1144,4,1.000000
1144,5,0.250000
1145,4,1.000000
1145,5,0.250000
1146,4,1.000000
1146,5,0.250000
1147,4,1.000000
1147,5,0.250000
1148,4,1.000000
1148,5,0.250000
1149,4,1.000000
1149,5,0.250000
1150,4,1.000000
1150,5,0.250000
1151,4,1.000000
1151,5,0.250000
1152,4,1.000000
1152,5,0.250000
1153,4,1.000000
1153,5,0.250000
1154,4,1.000000
1154,5,0.250000
1155,4,1.000000
1155,5,0.250000
1156,0,1.000000
1156,1,0.250000
1157,0,1.000000
1157,1,0.250000
1158,0,1.000000
1158,1,0.250000
1159,0,1.000000
1159,1,0.250000
1160,0,1.000000
1160,1,0.250000
1161,0,1.000000
1161,1,0.250000
1162,0,1.000000
1162,1,0.250000
1163,0,1.000000
1163,1,0.250000
1164,0,1.000000
1164,1,0.250000
1165,0,1.000000
1165,1,0.250000
1166,0,1.000000
1166,1,0.250000
1167,0,1.000000
1167,1,0.250000
1168,0,1.000000
1168,1,0.250000
1169,0,1.000000
1169,1,0.250000
1170,0,1.000000
1170,1,0.250000
1171,0,1.000000
1171,1,0.250000
1172,0,1.000000
1172,1,0.250000
1173,0,1.000000
1173,1,0.250000
1174,0,1.000000
1174,1,0.250000
1175,0,1.000000
1175,1,0.250000
1176,0,1.000000
1176,1,0.250000
1177,0,1.000000
1177,1,0.250000
1178,0,1.000000
1178,1,0.250000
1179,0,1.000000
1179,1,0.250000
1180,0,1.000000
1180,1,0.250000
1181,0,1.000000
1181,1,0.250000
1182,0,1.000000
1182,1,0.250000
1183,0,1.000000
1183,1,0.250000
1184,0,1.000000
1184,1,0.250000
1185,0,1.000000
1185,1,0.250000
1186,0,1.000000
1186,1,0.250000
1187,0,1.000000
1187,1,0.250000
1188,0,1.000000
1188,1,0.250000
1189,0,1.000000
1189,1,0.250000
1190,0,1.000000
1190,1,0.250000
1191,0,1.000000
1191,1,0.250000
1192,0,1.000000
1192,1,0.250000
1193,0,1.000000
1193,1,0.250000
1194,0,1.000000
1194,1,0.250000
1195,0,1.000000
1195,1,0.250000
1196,0,1.000000
1196,1,0.250000
1197,0,1.000000
1197,1,0.250000
1198,0,1.000000
1198,1,0.250000
1199,0,1.000000
1199,1,0.250000
1200,0,1.000000
1200,1,0.250000
1201,0,1.000000
1201,1,0.250000
1202,0,1.000000
1202,1,0.250000
1203,0,1.000000
1203,1,0.250000
1204,0,1.000000
1204,1,0.250000
1205,0,1.000000
1205,1,0.250000
1206,0,1.000000
1206,1,0.250000
1207,0,1.000000
1207,1,0.250000
1208,0,1.000000
1208,1,0.250000
1209,0,1.000000
1209,1,0.250000
1210,0,1.000000
1210,1,0.250000
1211,0,1.000000
1211,1,0.250000
1212,0,1.000000
1212,1,0.250000
1213,0,1.000000
1213,1,0.250000
1214,0,1.000000
1214,1,0.250000
1215,0,1.000000
1215,1,0.250000
1216,0,1.000000
1216,1,0.250000
1217,0,1.000000
1217,1,0.250000
1218,0,1.000000
1218,1,0.250000
1219,0,1.000000
1219,1,0.250000
1220,0,1.000000
1220,1,0.250000
1221,0,1.000000
1221,1,0.250000
1222,0,1.000000
1222,1,0.250000
1223,0,1.000000
1223,1,0.250000
1224,0,1.000000
1224,1,0.250000
1225,0,1.000000
1225,1,0.250000
1226,0,1.000000
1226,1,0.250000
1227,0,1.000000
1227,1,0.250000
1228,0,1.000000
1228,1,0.250000
1229,0,1.000000
1229,1,0.250000
1230,0,1.000000
1230,1,0.250000
1231,0,1.000000
1231,1,0.250000
1232,0,1.000000
1232,1,0.250000
1233,0,1.000000
1233,1,0.250000
1234,0,1.000000
1234,1,0.250000
1235,0,1.000000
1235,1,0.250000
1236,0,1.000000
1236,1,0.250000
1237,0,1.000000
1237,1,0.250000
1238,0,1.000000
1238,1,0.250000
1239,0,1.000000
1239,1,0.250000
1240,0,1.000000
1240,1,0.250000
1241,0,1.000000
1241,1,0.250000
1242,0,1.000000
1242,1,0.250000
1243,0,1.000000
1243,1,0.250000
1244,0,1.000000
1244,1,0.250000
1245,0,1.000000
1245,1,0.250000
1246,0,1.000000
1246,1,0.250000
1247,0,1.000000
1247,1,0.250000
1248,0,1.000000
1248,1,0.250000
1249,0,1.000000
1249,1,0.250000
1250,0,1.000000
1250,1,0.250000
1251,0,1.000000
1251,1,0.250000
1252,0,1.000000
1252,1,0.250000
1253,0,1.000000
1253,1,0.250000
1254,0,1.000000
1254,1,0.250000
1255,0,1.000000
1255,1,0.250000
