105,373,373,5,1,104,1,1
117,373,373,5,1,104,0,2,129,3,2,130,2,0
118,373,117,1,1
119,373,106,0,3
120,373,107,0,3
131,373,373,5,1,130,1,1
184,450,450,5,1,183,1,2
196,450,450,5,1,183,0,3,195,1,1,209,3,0
197,450,210,3,0
198,450,211,3,0
210,450,450,5,1,209,1,2,223,3,0
360,450,29,0,4
375,404,342,0,4
377,434,31,0,4
380,450,27,0,4
404,375,342,0,4
415,450,29,0,4
417,430,292,0,4
421,450,28,0,4
425,450,29,0,4
430,417,292,0,4
434,377,28,0,4
439,450,29,0,4
445,450,211,0,4
450,360,30,0,4
450,380,30,0,4
450,383,210,0,4
450,415,30,0,4
450,421,30,0,4
450,425,30,0,4
450,439,30,0,4
450,445,210,0,4
450,448,210,0,4
