6,357,357,5,1,5,0,1
18,357,357,5,1,5,0,2,17,1,2,31,3,0
19,357,32,3,0
20,357,33,3,0
21,357,34,3,0
22,357,35,3,0
32,357,357,5,1,31,1,2,45,3,0
66,372,372,5,1,67,2,1,79,3,0
67,379,68,2,1
79,372,372,5,1,66,0,3,80,2,1,92,3,0
80,372,372,5,1,67,0,3,79,1,2,81,2,1,93,3,0
89,372,90,2,1
92,372,372,5,1,79,0,3,93,2,1,105,3,0
94,379,81,0,3
130,379,379,5,1,143,2,0
131,379,144,3,0
132,379,145,3,0
133,379,146,3,0
144,379,379,5,1,143,1,1,157,3,0
360,430,106,0,4
362,373,130,0,4
372,449,79,0,4
373,362,130,0,4
386,435,45,0,4
430,360,106,0,4
435,386,45,0,4
449,372,79,0,4
