91,447,104,2,0
94,374,81,0,3
103,447,447,5,1,102,1,2,116,3,0
104,447,447,5,1,105,1,1,116,3,2,117,2,0
240,380,380,5,1,227,0,3,241,2,1,253,3,0
252,380,253,2,1
253,380,380,5,1,240,0,3,254,2,1
254,380,380,5,1,241,0,3,253,1,2
330,380,317,0,3
352,406,5,0,4
367,380,253,0,4
372,438,196,0,4
377,397,32,0,4
380,359,253,0,4
380,367,253,0,4
380,390,253,0,4
380,400,253,0,4
380,403,253,0,4
380,422,253,0,4
380,426,253,0,4
380,429,253,0,4
380,430,253,0,4
380,442,253,0,4
391,400,5,0,4
397,377,32,0,4
400,391,5,0,4
406,352,5,0,4
426,380,253,0,4
438,372,196,0,4
442,380,279,0,4
