199,371,371,5,1,186,0,3,200,2,1,212,3,0
211,371,212,2,1
212,371,371,5,1,199,0,3,213,2,1
212,372,372,5,1,211,1,2
213,371,371,5,1,200,0,3,212,1,2
224,372,372,5,1,211,0,3,223,1,2,237,3,0
225,372,238,3,0
229,372,242,3,0
238,372,372,5,1,237,1,2,251,3,0
371,375,212,0,4
371,378,212,0,4
371,420,212,0,4
371,435,109,0,4
372,380,212,0,4
372,383,66,0,4
372,448,66,0,4
375,371,212,0,4
378,371,212,0,4
380,372,213,0,4
383,372,53,0,4
406,450,31,0,4
411,438,15,0,4
420,371,212,0,4
435,371,97,0,4
438,411,16,0,4
448,372,53,0,4
450,406,31,0,4
