104,385,385,5,1,116,3,2
117,385,129,3,2
119,385,132,3,0
120,385,133,3,0
129,385,385,5,1,116,0,3,128,1,2,142,3,0
130,385,385,5,1,142,3,2
180,399,399,5,1,181,2,1,193,3,0
191,399,192,2,1
192,399,193,2,1
193,399,399,5,1,180,0,3,194,2,1,206,3,0
194,399,399,5,1,181,0,3,182,2,3,193,1,2,207,3,0
206,399,399,5,1,193,0,3,207,2,1
233,396,396,5,1,220,0,3,221,2,3,246,3,0
234,396,396,5,1,221,0,2,235,1,1,246,3,2,247,2,0
244,396,245,2,1
245,396,246,2,1
246,396,396,5,1,233,0,3,234,2,3,259,3,0
259,396,396,5,1,246,0,3,247,2,3
357,372,342,0,4
370,399,208,0,4
372,357,342,0,4
375,385,292,0,4
378,385,292,0,4
385,375,292,0,4
385,378,292,0,4
396,435,246,0,4
399,370,208,0,4
435,396,246,0,4
