68,394,394,5,1,69,2,1
69,394,394,5,1,56,0,3,68,1,2,70,2,1,82,3,0
81,394,68,0,3
133,394,120,0,3
250,406,249,1,2
260,432,432,5,1,247,0,2,261,1,1,273,2,0
262,406,406,5,1,249,0,3,261,1,2,275,3,0
263,406,262,1,2
268,406,269,2,1
273,432,432,5,1,260,0,2,274,1,1
274,432,432,5,1,261,0,3,273,1,1,275,2,1
276,406,289,3,0
279,406,292,3,0
281,432,282,2,1
282,432,283,2,1
283,432,284,2,1
284,432,285,2,1
286,432,273,0,2
299,432,286,0,2
312,432,299,0,2
325,432,312,0,2
336,432,323,0,3
354,406,226,0,4
369,406,226,0,4
406,354,223,0,4
406,369,223,0,4
406,410,223,0,4
406,449,236,0,4
410,406,226,0,4
449,406,239,0,4
