17,364,364,5,1,4,0,2,18,2,1,30,3,0
29,364,30,2,1
30,364,364,5,1,17,0,3,31,2,1,43,3,0
31,364,364,5,1,18,0,3,30,1,2,32,2,1,44,3,0
43,364,364,5,1,30,0,3,44,2,1
172,439,439,5,1,159,0,3,173,2,1,185,3,0
185,439,439,5,1,172,0,3,186,2,1,198,3,0
186,439,439,5,1,173,0,3,185,1,2,187,2,1,199,3,0
198,439,439,5,1,185,0,3,199,2,1
302,406,406,5,1,289,0,3,315,3,0
315,406,406,5,1,302,0,3,316,2,1,328,3,0
316,406,406,5,1,315,1,2,317,2,1,329,3,0
328,406,406,5,1,315,0,3,329,2,1
352,439,184,0,4
355,439,184,0,4
364,439,184,0,4
364,443,30,0,4
374,424,17,0,4
382,409,209,0,4
386,439,184,0,4
387,439,184,0,4
395,439,184,0,4
404,409,31,0,4
409,382,209,0,4
409,404,31,0,4
409,439,184,0,4
412,439,184,0,4
419,446,31,0,4
424,374,17,0,4
439,352,185,0,4
439,355,185,0,4
439,364,185,0,4
439,379,185,0,4
439,381,185,0,4
439,386,185,0,4
439,387,185,0,4
439,395,185,0,4
439,409,185,0,4
439,412,185,0,4
439,428,185,0,4
446,419,31,0,4
