135,439,134,1,2
147,439,439,5,1,134,0,3,146,1,2,160,3,0
148,439,161,3,0
151,439,164,3,0
152,439,165,3,0
161,439,439,5,1,160,1,2,174,3,0
263,426,276,3,0
264,426,277,3,0
277,426,426,5,1,278,2,1
278,426,426,5,1,265,0,3,277,1,2,279,2,1,291,3,0
280,429,279,1,2
281,429,280,1,2
290,426,277,0,3
292,429,429,5,1,279,0,3,291,1,2,305,3,0
293,429,292,1,2
308,429,307,1,2
351,426,263,0,4
352,386,195,0,4
357,426,276,0,4
374,426,276,0,4
382,426,263,0,4
384,426,263,0,4
384,442,5,0,4
386,352,195,0,4
397,435,59,0,4
419,426,276,0,4
426,351,277,0,4
426,357,277,0,4
426,358,277,0,4
426,374,277,0,4
426,382,277,0,4
426,384,277,0,4
426,404,277,0,4
426,416,277,0,4
426,419,277,0,4
426,436,277,0,4
435,397,59,0,4
436,426,276,0,4
442,384,5,0,4
