6,353,353,5,1,5,0,1
18,353,353,5,1,5,0,2,17,1,2,31,3,0
19,353,32,3,0
20,353,33,3,0
21,353,34,3,0
32,353,353,5,1,31,1,2,45,3,0
117,378,378,5,1,104,0,2,118,1,1,130,2,0
130,378,378,5,1,117,0,2,131,1,1,143,2,0
131,378,378,5,1,118,0,3,130,1,1,132,2,1,144,3,0
139,378,140,2,1
140,378,141,2,1
141,378,142,2,1
143,378,378,5,1,130,0,2,144,1,1
206,414,414,5,1,193,0,3,207,2,1,219,3,0
217,414,218,2,1
218,414,219,2,1
219,414,414,5,1,206,0,3,220,2,1,232,3,0
220,414,414,5,1,207,0,3,208,2,3,219,1,2,233,3,0
232,414,414,5,1,219,0,3,233,2,1
318,433,317,1,2
362,417,318,0,4
378,423,130,0,4
380,414,216,0,4
401,414,217,0,4
414,380,219,0,4
414,401,219,0,4
417,362,318,0,4
423,378,130,0,4
