64,364,77,3,0
76,364,89,3,0
88,364,101,3,0
106,359,359,5,1,105,1,2
113,364,126,3,0
118,359,359,5,1,105,0,3,117,1,1,131,3,0
119,359,132,3,0
120,359,133,3,0
132,359,359,5,1,131,1,2,145,3,0
143,364,364,5,1,144,1,1,155,3,2,156,2,0
150,364,151,2,1
151,378,152,2,1
152,364,153,2,1
153,364,154,2,1
154,364,155,2,1
155,364,364,5,1,143,2,3,168,3,0
168,364,364,5,1,155,0,3,156,2,3,181,3,0
374,431,183,0,4
382,414,208,0,4
387,440,45,0,4
390,412,169,0,4
412,390,169,0,4
414,382,208,0,4
424,450,316,0,4
429,450,343,0,4
431,374,183,0,4
440,387,45,0,4
450,424,316,0,4
450,429,343,0,4
