2,358,340,3,3
95,445,94,1,2
99,445,98,1,2
107,445,445,5,1,94,0,3,106,1,2,120,3,0
108,445,107,1,2
113,445,100,0,3
233,446,446,5,1,220,0,3,221,2,3,246,3,0
234,446,446,5,1,221,0,2,235,1,1,246,3,2,247,2,0
244,446,245,2,1
245,446,246,2,1
246,446,446,5,1,233,0,3,234,2,3,259,3,0
259,446,446,5,1,246,0,3,247,2,3
314,358,358,5,1,301,0,3,315,2,1,327,3,0
326,358,327,2,1
327,358,358,5,1,314,0,3,328,2,1
328,358,358,5,1,315,0,3,327,1,2,341,3,0
336,358,337,2,1
339,358,340,2,1
340,358,327,0,3
353,398,221,0,4
358,407,327,0,4
358,413,327,0,4
358,421,327,0,4
358,445,327,0,4
398,353,221,0,4
407,358,327,0,4
413,358,340,0,4
421,358,340,0,4
435,446,246,0,4
445,358,327,0,4
445,435,94,0,4
445,440,94,0,4
446,435,246,0,4
