3,361,16,2,0
16,361,361,5,1,17,2,1
17,361,361,5,1,4,0,2,16,1,2,18,2,1,30,3,0
29,361,16,0,3
67,389,68,2,1
94,389,81,0,3
122,389,109,0,3
131,389,389,5,1,130,1,1,144,3,0
132,389,131,1,2
133,389,146,3,0
137,389,138,2,1
175,386,176,2,1
224,442,237,3,0
249,442,250,2,1
263,442,276,3,0
272,442,260,2,3
276,442,442,5,1,277,2,1
277,442,442,5,1,264,0,3,276,1,2,278,2,1,290,3,0
284,442,285,2,1
361,356,16,0,4
361,371,16,0,4
361,411,16,0,4
361,413,16,0,4
361,421,16,0,4
361,427,16,0,4
361,434,16,0,4
361,443,16,0,4
371,361,15,0,4
389,445,171,0,4
421,361,15,0,4
443,361,15,0,4
445,389,171,0,4
