7,386,386,5,1,6,0,1,20,2,0
12,395,0,1,2
189,446,190,2,1
212,434,434,5,1,199,0,3,213,2,1,225,3,0
224,434,225,2,1
225,434,434,5,1,212,0,3,226,2,1
226,434,434,5,1,213,0,3,225,1,2
233,434,221,2,3
276,434,263,0,3
344,386,386,5,1,6,3,3,343,1,2
345,386,7,3,3
346,386,8,3,3
359,434,238,0,4
362,375,157,0,4
365,434,238,0,4
375,362,157,0,4
375,444,316,0,4
418,424,17,0,4
420,434,225,0,4
424,418,17,0,4
429,434,238,0,4
430,434,238,0,4
434,359,225,0,4
434,365,225,0,4
434,420,225,0,4
434,429,225,0,4
434,430,225,0,4
444,375,316,0,4
