117,375,375,5,1,104,0,2,118,1,1,130,2,0
130,375,375,5,1,117,0,2,131,1,1,143,2,0
131,375,375,5,1,118,0,3,130,1,1,132,2,1,144,3,0
139,375,140,2,1
140,375,141,2,1
141,375,142,2,1
142,375,130,2,3
143,375,375,5,1,130,0,2,144,1,1
250,405,405,5,1,237,0,3,251,2,1,263,3,0
263,405,405,5,1,250,0,3,264,2,1,276,3,0
264,405,405,5,1,251,0,3,263,1,2,265,2,1,277,3,0
271,360,272,2,1
276,405,405,5,1,263,0,3,277,2,1
351,366,235,0,4
366,351,235,0,4
367,449,266,0,4
375,423,130,0,4
383,447,77,0,4
416,430,17,0,4
423,375,130,0,4
430,416,17,0,4
447,383,103,0,4
449,367,266,0,4
