0,410,12,2,1
207,396,396,5,1,195,2,3,220,3,0
208,396,396,5,1,195,0,2,209,1,1,220,3,2,221,2,0
217,396,218,2,1
218,396,219,2,1
220,396,396,5,1,207,0,3,208,2,3,233,3,0
233,396,396,5,1,220,0,3,221,2,3
301,419,419,5,1,288,0,3,302,2,1,314,3,0
314,419,419,5,1,301,0,3,315,2,1,327,3,0
315,419,419,5,1,302,0,3,314,1,2,316,2,1,328,3,0
322,419,323,2,1
327,419,419,5,1,314,0,3,328,2,1
371,419,314,0,4
378,384,197,0,4
384,378,197,0,4
394,431,5,0,4
396,401,220,0,4
401,396,217,0,4
403,404,196,0,4
404,403,196,0,4
419,371,314,0,4
419,434,314,0,4
419,443,314,0,4
431,394,5,0,4
434,419,314,0,4
442,444,5,0,4
443,419,314,0,4
444,442,5,0,4
