29,437,42,3,0
42,437,437,5,1,43,2,1
43,437,437,5,1,30,0,3,42,1,2,44,2,1,56,3,0
55,437,42,0,3
223,390,390,5,1,210,0,3,222,1,2,236,3,0
228,444,229,2,1
236,390,390,5,1,223,0,3,237,2,1,249,3,0
237,390,390,5,1,236,1,2,250,3,0
249,390,390,5,1,236,0,3,250,2,1
277,373,373,5,1,278,2,1
278,373,373,5,1,265,0,3,277,1,2,279,2,1,291,3,0
372,418,196,0,4
383,437,40,0,4
418,372,196,0,4
421,437,41,0,4
425,437,41,0,4
437,360,42,0,4
437,380,42,0,4
437,383,42,0,4
437,388,42,0,4
437,407,42,0,4
437,408,42,0,4
437,415,42,0,4
437,421,42,0,4
437,425,42,0,4
437,439,42,0,4
437,445,42,0,4
437,448,42,0,4
448,437,40,0,4
