207,418,418,5,1,195,2,3,220,3,0
208,418,418,5,1,195,0,2,209,1,1,220,3,2,221,2,0
217,418,218,2,1
218,418,219,2,1
219,418,220,2,1
220,418,418,5,1,207,0,3,208,2,3,233,3,0
233,418,418,5,1,220,0,3,221,2,3
238,381,251,3,0
259,380,258,1,2
315,381,316,2,1
316,381,381,5,1,317,2,1,329,3,0
317,381,381,5,1,304,0,3,316,1,2,318,2,1,330,3,0
329,381,381,5,1,316,0,3,330,2,1,342,3,0
336,380,380,5,1,349,3,0
337,380,350,3,0
350,380,380,5,1,12,3,3,338,2,3,349,1,2
386,431,5,0,4
406,408,3,0,4
408,406,2,0,4
418,363,220,0,4
418,401,220,0,4
431,386,5,0,4
