3,387,4,1,0
4,387,387,5,1,5,1,0,17,2,0,342,3,3
5,387,387,5,1,4,0,1,6,1,0,18,2,0,343,3,3
17,387,387,5,1,4,0,2,18,2,1
130,352,352,5,1,131,1,1,143,2,0
131,352,352,5,1,130,1,1,132,2,1,144,3,0
143,352,352,5,1,130,0,2,144,1,1,155,3,2,156,2,0
232,360,233,2,1
328,405,315,0,3
342,387,387,5,1,4,3,3,329,0,3,343,2,1
352,417,130,0,4
352,449,130,0,4
375,400,118,0,4
376,440,233,0,4
387,427,4,0,4
387,434,4,0,4
387,443,4,0,4
400,375,118,0,4
417,352,130,0,4
434,387,2,0,4
440,376,233,0,4
443,387,2,0,4
449,352,104,0,4
