2,408,408,5,1,1,0,1,340,3,3
12,434,434,5,1,0,1,2,25,2,0,350,3,3
14,408,408,5,1,1,0,2,13,1,1,27,3,0
15,408,28,3,0
16,408,29,3,0
28,408,408,5,1,27,1,2,41,3,0
122,445,121,1,2
125,445,124,1,2
126,445,125,1,2
134,445,445,5,1,121,0,3,133,1,2,147,3,0
135,445,134,1,2
139,445,152,3,0
140,445,127,0,3
337,434,434,5,1,325,2,3,350,3,0
338,434,434,5,1,0,2,3,325,0,2,339,1,1,350,3,2
348,434,349,2,1
350,434,434,5,1,12,3,3,337,0,3,338,2,3
357,408,42,0,4
359,383,252,0,4
364,424,329,0,4
374,408,42,0,4
383,359,239,0,4
386,408,210,0,4
397,408,43,0,4
406,408,42,0,4
408,357,41,0,4
408,366,28,0,4
408,374,41,0,4
408,386,212,0,4
408,391,28,0,4
408,392,28,0,4
408,397,41,0,4
408,399,28,0,4
408,406,41,0,4
408,414,28,0,4
408,438,41,0,4
424,364,329,0,4
438,408,42,0,4
