178,447,165,0,3
217,357,230,3,0
218,357,231,3,0
221,357,357,5,1,208,0,2,222,1,1,233,3,2,234,2,0
221,364,364,5,1,208,0,2,222,1,1,233,3,2
228,364,229,2,1
233,357,357,5,1,221,2,3
233,364,364,5,1,221,2,3
243,357,230,0,3
244,357,231,0,3
245,357,232,0,3
247,402,402,5,1,234,0,2,248,1,1,260,2,0
260,402,402,5,1,247,0,2,261,1,1
261,402,402,5,1,248,0,3,260,1,1,262,2,1,274,3,0
269,364,256,0,3
271,402,272,2,1
272,402,260,2,3
286,402,273,0,2
290,427,277,0,3
296,364,283,0,3
298,402,285,0,3
311,402,298,0,3
324,364,311,0,3
372,386,329,0,4
386,372,329,0,4
