137,442,138,2,1
172,425,425,5,1,159,0,3,173,2,1,185,3,0
185,425,425,5,1,172,0,3,186,2,1,198,3,0
186,425,425,5,1,173,0,3,185,1,2,187,2,1,199,3,0
198,425,425,5,1,185,0,3,199,2,1
351,352,209,0,4
352,351,209,0,4
352,425,184,0,4
355,425,184,0,4
360,415,27,0,4
389,425,184,0,4
390,405,118,0,4
393,429,5,0,4
395,425,184,0,4
405,390,118,0,4
409,425,184,0,4
412,425,184,0,4
415,360,27,0,4
425,352,185,0,4
425,355,185,0,4
425,361,185,0,4
425,364,185,0,4
425,379,185,0,4
425,381,185,0,4
425,387,185,0,4
425,389,185,0,4
425,395,185,0,4
425,409,185,0,4
425,412,185,0,4
425,428,185,0,4
425,433,185,0,4
425,450,185,0,4
429,393,5,0,4
450,425,184,0,4
