68,406,406,5,1,69,2,1
69,406,406,5,1,56,0,3,68,1,2,70,2,1,82,3,0
76,406,77,2,1
77,361,90,3,0
81,406,68,0,3
89,406,90,2,1
90,361,103,3,0
103,361,116,3,0
106,406,107,2,1
116,361,129,3,0
129,361,142,3,0
133,406,120,0,3
142,361,155,3,0
155,361,168,3,0
156,361,361,5,1,143,0,2,157,1,1,168,3,2,169,2,0
167,361,168,2,1
168,361,361,5,1,156,2,3,181,3,0
181,361,361,5,1,168,0,3,169,2,3,194,3,0
274,436,436,5,1,261,0,3,273,1,1,275,2,1,287,3,0
287,436,436,5,1,274,0,3,288,2,1
288,436,436,5,1,275,0,3,287,1,2,289,2,1,301,3,0
313,436,300,0,3
365,423,130,0,4
392,414,208,0,4
414,392,208,0,4
423,365,130,0,4
