181,376,376,5,1,169,2,3,194,3,0
182,376,376,5,1,169,0,2,183,1,1,194,3,2,195,2,0
193,376,194,2,1
194,376,376,5,1,181,0,3,182,2,3,207,3,0
207,376,376,5,1,194,0,3,195,2,3,220,3,0
210,361,361,5,1,209,1,2
222,361,361,5,1,209,0,3,221,1,1,235,3,0
223,361,210,0,3
224,361,211,0,3
236,361,361,5,1,235,1,2
253,428,252,1,2
330,428,428,5,1,317,0,3,329,1,2,343,3,0
331,428,344,3,0
344,428,428,5,1,6,3,3,343,1,2,345,2,1
354,428,49,0,4
361,441,331,0,4
369,428,293,0,4
382,430,17,0,4
385,428,181,0,4
398,406,31,0,4
405,438,316,0,4
406,398,31,0,4
428,354,33,0,4
428,369,345,0,4
428,385,181,0,4
428,410,344,0,4
428,441,344,0,4
430,382,17,0,4
438,405,316,0,4
441,361,279,0,4
