191,428,204,3,0
200,359,199,1,2
200,380,380,5,1,187,0,3,201,2,1,213,3,0
211,380,212,2,1
212,380,213,2,1
213,359,212,1,2
213,380,380,5,1,200,0,3,214,2,1,226,3,0
214,380,380,5,1,201,0,3,213,1,2,215,2,1,227,3,0
226,380,380,5,1,213,0,3,227,2,1
251,359,359,5,1,238,0,3,250,1,2,264,3,0
252,359,265,3,0
265,359,359,5,1,264,1,2,266,2,1,278,3,0
359,383,266,0,4
359,448,79,0,4
361,380,210,0,4
380,361,213,0,4
380,386,213,0,4
380,428,213,0,4
380,431,213,0,4
380,433,213,0,4
381,405,317,0,4
381,422,330,0,4
383,359,253,0,4
405,381,317,0,4
422,381,330,0,4
428,380,210,0,4
433,380,210,0,4
448,359,66,0,4
