84,384,384,5,1,71,0,3,83,1,2
96,384,384,5,1,83,0,3,95,1,2,109,3,0
97,384,84,0,3
98,384,85,0,3
123,384,122,1,2
136,384,135,1,2
146,429,145,1,2
150,384,149,1,2
158,429,429,5,1,145,0,3,157,1,2,171,3,0
159,429,158,1,2
163,384,162,1,2
172,429,185,3,0
329,359,359,5,1,316,0,3,330,2,1,342,3,0
341,359,342,2,1
342,359,359,5,1,329,0,3,343,2,1
343,359,359,5,1,5,3,3,330,0,3,342,1,2,344,2,1
356,429,53,0,4
366,405,329,0,4
372,382,17,0,4
382,372,17,0,4
403,406,183,0,4
405,366,329,0,4
406,403,183,0,4
427,429,173,0,4
429,356,79,0,4
429,371,145,0,4
429,427,185,0,4
429,434,185,0,4
429,443,145,0,4
434,429,186,0,4
