159,371,172,3,0
172,371,371,5,1,173,2,1
173,371,371,5,1,160,0,3,172,1,2,174,2,1,186,3,0
185,371,172,0,3
191,377,204,3,0
197,428,184,0,3
207,437,437,5,1,195,2,3,220,3,0
208,437,437,5,1,195,0,2,209,1,1,220,3,2,221,2,0
217,437,218,2,1
218,437,219,2,1
219,437,220,2,1
220,437,437,5,1,207,0,3,208,2,3,233,3,0
227,363,363,5,1,214,0,3,228,2,1,240,3,0
233,437,437,5,1,220,0,3,221,2,3
237,363,238,2,1
238,363,239,2,1
239,363,240,2,1
240,363,363,5,1,227,0,3,241,2,1,253,3,0
241,363,363,5,1,228,0,3,240,1,2,242,2,1,254,3,0
253,363,363,5,1,240,0,3,254,2,1
268,353,269,2,1
357,363,237,0,4
363,357,240,0,4
363,372,240,0,4
363,374,240,0,4
363,404,240,0,4
363,406,240,0,4
363,420,240,0,4
363,424,240,0,4
363,432,240,0,4
363,436,240,0,4
363,438,240,0,4
363,444,240,0,4
371,372,172,0,4
371,390,172,0,4
371,400,172,0,4
371,448,13,0,4
372,363,239,0,4
372,371,172,0,4
374,363,237,0,4
400,371,185,0,4
404,363,237,0,4
420,363,240,0,4
424,363,239,0,4
436,363,237,0,4
437,401,220,0,4
448,371,13,0,4
