34,388,35,2,1
146,425,425,5,1,133,0,3,147,2,1,159,3,0
159,425,425,5,1,146,0,3,160,2,1,172,3,0
160,425,425,5,1,147,0,3,159,1,2,161,2,1,173,3,0
172,425,425,5,1,159,0,3,173,2,1
198,444,197,1,2
210,444,444,5,1,197,0,3,209,1,2,223,3,0
211,444,210,1,2
224,444,237,3,0
355,425,158,0,4
379,425,158,0,4
383,444,40,0,4
387,425,158,0,4
409,425,158,0,4
412,425,158,0,4
417,441,103,0,4
425,355,159,0,4
425,379,159,0,4
425,387,159,0,4
425,409,159,0,4
425,412,159,0,4
441,417,103,0,4
444,354,237,0,4
444,363,237,0,4
444,369,237,0,4
444,383,42,0,4
444,410,237,0,4
444,441,237,0,4
