41,372,372,5,1,42,2,1,54,3,0
54,372,372,5,1,41,0,3,55,2,1,67,3,0
55,372,372,5,1,42,0,3,54,1,2,68,3,0
62,372,63,2,1
67,372,372,5,1,54,0,3,68,2,1,80,3,0
265,366,264,1,2
267,366,280,3,0
279,366,292,3,0
280,366,293,3,0
292,366,305,3,0
293,366,306,3,0
305,366,318,3,0
306,366,319,3,0
316,366,366,5,1,329,3,0
317,366,330,3,0
318,366,331,3,0
319,366,332,3,0
321,361,320,1,2
330,366,366,5,1,329,1,2,343,3,0
356,372,54,0,4
366,367,157,0,4
366,426,330,0,4
367,366,144,0,4
372,356,54,0,4
372,407,54,0,4
372,421,54,0,4
398,430,5,0,4
407,372,54,0,4
421,372,54,0,4
430,398,5,0,4
436,446,31,0,4
446,436,31,0,4
