224,406,223,1,2
236,406,406,5,1,223,0,3,235,1,2,249,3,0
237,406,236,1,2
250,360,360,5,1,251,2,1
250,406,263,3,0
251,360,360,5,1,238,0,3,250,1,2,252,2,1,264,3,0
258,360,259,2,1
261,360,262,2,1
263,360,250,0,3
271,360,272,2,1
275,360,276,2,1
276,418,275,1,2
279,418,292,3,0
280,418,293,3,0
288,418,418,5,1,275,0,3
289,418,288,1,2
290,418,303,3,0
291,418,304,3,0
292,418,305,3,0
297,363,296,1,2
302,418,315,3,0
335,363,363,5,1,322,0,3,334,1,2,348,3,0
336,363,349,3,0
349,363,363,5,1,11,3,3,348,1,2,350,2,1
362,372,157,0,4
363,406,36,0,4
372,362,157,0,4
406,354,223,0,4
406,363,32,0,4
406,369,263,0,4
406,410,263,0,4
406,441,223,0,4
406,449,263,0,4
414,423,181,0,4
423,414,181,0,4
423,424,143,0,4
424,423,143,0,4
449,406,252,0,4
