36,448,37,2,1
84,406,83,1,2
171,405,405,5,1,158,0,3,170,1,2,172,2,1,184,3,0
184,405,405,5,1,171,0,3,185,2,1,197,3,0
185,405,405,5,1,172,0,3,184,1,2,186,2,1,198,3,0
197,405,405,5,1,184,0,3,198,2,1
353,405,184,0,4
357,405,184,0,4
362,389,343,0,4
370,393,44,0,4
374,405,184,0,4
379,414,182,0,4
388,439,40,0,4
389,362,343,0,4
389,415,197,0,4
393,370,44,0,4
394,405,184,0,4
402,405,184,0,4
405,353,184,0,4
405,357,184,0,4
405,374,184,0,4
405,394,184,0,4
405,402,184,0,4
405,416,184,0,4
405,418,184,0,4
405,432,184,0,4
405,436,184,0,4
405,438,184,0,4
405,444,184,0,4
414,379,182,0,4
415,389,198,0,4
416,405,184,0,4
418,405,184,0,4
432,405,184,0,4
436,405,184,0,4
438,405,184,0,4
439,388,40,0,4
444,405,184,0,4
