12,447,25,2,0
24,447,37,3,0
33,386,386,5,1,32,1,2
36,447,49,3,0
45,386,386,5,1,32,0,3,44,1,2,58,3,0
46,386,33,0,3
47,386,34,0,3
59,386,386,5,1,58,1,2
61,447,74,3,0
65,377,66,1,1
68,377,69,2,1
69,377,70,2,1
70,377,377,5,1,71,2,1
71,377,377,5,1,58,0,3,70,1,2,72,2,1
79,377,80,2,1
147,377,134,0,3
161,377,148,0,3
164,432,165,2,1
185,422,184,1,2
345,447,447,5,1,7,3,3,332,0,3,344,1,2
346,447,345,1,2
371,377,82,0,4
377,371,70,0,4
377,443,70,0,4
390,394,183,0,4
394,390,183,0,4
421,440,135,0,4
440,421,124,0,4
443,377,109,0,4
