3,409,341,3,3
4,409,342,3,3
263,442,264,2,1
264,442,442,5,1,265,2,1,277,3,0
265,442,442,5,1,264,1,2,266,2,1,278,3,0
268,422,267,1,2
277,442,442,5,1,264,0,3,278,2,1,290,3,0
329,409,409,5,1,316,0,3,330,2,1,342,3,0
329,429,429,5,1,316,0,3,330,2,1,342,3,0
341,429,342,2,1
342,409,409,5,1,329,0,3,343,2,1
342,429,429,5,1,329,0,3,343,2,1
343,409,409,5,1,5,3,3,330,0,3,342,1,2,344,2,1
343,429,429,5,1,5,3,3,330,0,3,342,1,2,344,2,1
359,387,330,0,4
374,378,316,0,4
374,394,31,0,4
378,374,316,0,4
378,431,303,0,4
386,422,169,0,4
387,359,330,0,4
394,374,31,0,4
403,423,318,0,4
409,371,342,0,4
409,427,342,0,4
409,443,342,0,4
422,386,169,0,4
423,403,318,0,4
427,409,2,0,4
431,378,303,0,4
