45,440,440,5,1,46,2,1,58,3,0
56,440,57,2,1
57,440,58,2,1
58,366,366,5,1,45,0,3,57,1,2
58,440,440,5,1,45,0,3,59,2,1,71,3,0
59,440,440,5,1,46,0,3,58,1,2,60,2,1,72,3,0
70,366,366,5,1,57,0,3,69,1,2
71,366,58,0,3
71,440,440,5,1,58,0,3,72,2,1
72,366,59,0,3
357,440,58,0,4
374,440,58,0,4
382,440,58,0,4
403,411,171,0,4
404,440,58,0,4
411,403,172,0,4
416,440,58,0,4
419,440,58,0,4
432,440,58,0,4
436,440,58,0,4
440,357,58,0,4
440,374,58,0,4
440,382,58,0,4
440,404,58,0,4
440,416,58,0,4
440,419,58,0,4
440,432,58,0,4
440,436,58,0,4
