154,373,373,5,1,155,2,1
155,373,373,5,1,142,0,3,143,2,3,154,1,2
163,373,164,2,1
204,373,191,0,3
239,424,424,5,1,238,1,2
245,373,232,0,3
251,424,424,5,1,238,0,3,250,1,2,264,3,0
252,424,265,3,0
255,424,268,3,0
265,424,424,5,1,264,1,2,278,3,0
354,424,266,0,4
369,424,266,0,4
373,441,103,0,4
393,419,31,0,4
395,422,330,0,4
409,416,209,0,4
410,424,266,0,4
416,409,209,0,4
419,393,31,0,4
422,395,330,0,4
424,354,265,0,4
424,363,265,0,4
424,369,265,0,4
424,410,265,0,4
424,441,265,0,4
424,449,79,0,4
425,427,187,0,4
427,425,187,0,4
441,373,103,0,4
449,424,79,0,4
