54,408,408,5,1,53,1,2
66,408,408,5,1,53,0,3,65,1,1,79,3,0
67,408,54,0,3
68,408,55,0,3
80,408,408,5,1,79,1,2
135,407,407,5,1,134,1,2
147,407,407,5,1,134,0,3,146,1,2,160,3,0
148,407,161,3,0
150,407,163,3,0
151,407,164,3,0
161,407,407,5,1,160,1,2,174,3,0
226,441,441,5,1,227,2,1,239,3,0
237,441,238,2,1
239,441,441,5,1,226,0,3,240,2,1,252,3,0
240,441,441,5,1,227,0,3,239,1,2,241,2,1,253,3,0
252,441,441,5,1,239,0,3,253,2,1
260,418,418,5,1,247,0,2,261,1,1,273,2,0
273,418,418,5,1,260,0,2,274,1,1
274,418,418,5,1,261,0,3,273,1,1,275,2,1
283,418,284,2,1
284,418,285,2,1
285,418,273,2,3
298,418,286,2,3
311,418,299,2,3
312,418,299,0,2
324,418,312,2,3
325,418,312,0,2
358,395,31,0,4
358,441,236,0,4
368,441,236,0,4
370,441,236,0,4
376,441,236,0,4
382,441,236,0,4
393,441,236,0,4
395,358,31,0,4
396,441,236,0,4
398,441,236,0,4
416,441,236,0,4
419,441,237,0,4
436,441,236,0,4
437,441,236,0,4
441,357,239,0,4
441,358,239,0,4
441,368,239,0,4
441,370,239,0,4
441,376,239,0,4
441,382,239,0,4
441,393,239,0,4
441,396,239,0,4
441,398,239,0,4
441,404,239,0,4
441,416,239,0,4
441,419,239,0,4
441,436,239,0,4
441,437,239,0,4
441,446,239,0,4
446,441,236,0,4
