5,404,404,5,1,4,0,1,18,2,0,343,3,3
6,404,5,0,1
207,450,450,5,1,194,0,3,195,2,3,220,3,0
208,450,450,5,1,195,0,2,209,1,1,220,3,2,221,2,0
217,450,218,2,1
218,450,219,2,1
220,450,450,5,1,207,0,3,208,2,3,233,3,0
233,450,450,5,1,220,0,3,221,2,3
294,404,293,1,2
307,404,306,1,2
319,404,318,1,2
320,404,319,1,2
331,404,330,1,2
332,404,331,1,2
335,404,336,2,1
344,404,343,1,2
345,404,344,1,2
346,404,345,1,2
382,450,31,0,4
404,385,343,0,4
404,417,316,0,4
404,423,343,0,4
409,417,318,0,4
417,404,304,0,4
417,409,318,0,4
423,404,330,0,4
450,382,31,0,4
