64,437,52,2,3
120,421,421,5,1,107,0,3,133,3,0
133,421,421,5,1,120,0,3,134,2,1,146,3,0
134,421,421,5,1,133,1,2,135,2,1,147,3,0
146,421,421,5,1,133,0,3,147,2,1
198,411,411,5,1,199,2,1
199,411,411,5,1,186,0,3,198,1,2,200,2,1,212,3,0
210,370,370,5,1,209,1,2
211,411,198,0,3
222,370,370,5,1,209,0,3,221,1,1,235,3,0
223,370,210,0,3
224,370,211,0,3
236,370,370,5,1,235,1,2,249,3,0
271,375,272,2,1
353,402,31,0,4
354,370,49,0,4
361,411,197,0,4
369,370,49,0,4
370,354,33,0,4
370,369,33,0,4
370,410,210,0,4
370,441,210,0,4
372,407,212,0,4
372,418,17,0,4
382,436,31,0,4
395,411,197,0,4
402,353,31,0,4
407,372,212,0,4
411,361,198,0,4
411,395,198,0,4
411,431,198,0,4
418,372,17,0,4
421,442,133,0,4
431,411,211,0,4
436,382,31,0,4
442,421,132,0,4
