43,446,446,5,1,30,0,3,44,2,1,56,3,0
55,446,56,2,1
56,446,446,5,1,43,0,3,57,2,1,69,3,0
57,446,446,5,1,44,0,3,56,1,2,58,2,1,70,3,0
69,446,446,5,1,56,0,3,70,2,1
250,439,439,5,1,251,2,1
251,439,439,5,1,238,0,3,250,1,2,252,2,1,264,3,0
258,439,259,2,1
263,439,250,0,3
271,439,272,2,1
274,416,416,5,1,261,0,3,273,1,1,275,2,1,287,3,0
275,439,276,2,1
287,416,416,5,1,274,0,3,288,2,1
288,416,416,5,1,275,0,3,287,1,2,289,2,1,301,3,0
326,416,313,0,3
373,389,143,0,4
382,431,5,0,4
389,373,143,0,4
420,429,291,0,4
429,420,291,0,4
431,382,5,0,4
446,413,56,0,4
