3,416,341,3,3
7,441,8,1,0
9,441,22,2,0
10,441,23,2,0
18,441,19,2,1
23,441,441,5,1,24,2,1
24,441,441,5,1,11,0,2,23,1,2,25,2,1,37,3,0
224,389,223,1,2
236,389,389,5,1,223,0,3,249,3,0
237,389,236,1,2
239,389,252,3,0
242,389,255,3,0
250,389,263,3,0
251,389,264,3,0
321,441,334,3,0
328,416,416,5,1,315,0,3,341,3,0
341,416,416,5,1,328,0,3,342,2,1
342,416,416,5,1,4,3,3,341,1,2,343,2,1
346,441,347,2,1
378,388,199,0,4
388,378,199,0,4
388,416,3,0,4
403,420,131,0,4
407,416,3,0,4
413,416,2,0,4
416,356,341,0,4
416,388,341,0,4
416,407,341,0,4
416,413,341,0,4
416,427,341,0,4
416,434,341,0,4
416,445,341,0,4
420,403,131,0,4
427,416,2,0,4
434,416,2,0,4
445,416,341,0,4
