3,374,374,5,1,4,1,0,16,2,0,341,3,3
4,374,374,5,1,3,0,1,5,1,0,17,2,0,342,3,3
16,374,374,5,1,3,0,2,17,2,1
25,381,13,2,3
274,419,419,5,1,261,0,3,275,2,1,287,3,0
287,419,419,5,1,274,0,3,288,2,1,300,3,0
288,419,419,5,1,275,0,3,287,1,2,289,2,1,301,3,0
295,419,296,2,1
296,419,297,2,1
297,419,298,2,1
300,419,419,5,1,287,0,3,301,2,1
341,374,374,5,1,3,3,3,328,0,3,342,2,1
374,356,3,0,4
374,407,3,0,4
374,411,3,0,4
374,413,3,0,4
374,427,3,0,4
374,439,3,0,4
375,400,144,0,4
382,402,31,0,4
400,375,144,0,4
402,382,31,0,4
407,374,3,0,4
411,374,2,0,4
412,418,209,0,4
413,374,2,0,4
418,412,209,0,4
