95,401,108,3,0
143,433,433,5,1,156,2,0
144,433,157,3,0
157,433,433,5,1,156,1,1,158,2,1,170,3,0
204,383,203,1,2
215,383,383,5,1,202,0,3,214,1,2,228,3,0
216,383,215,1,2
229,383,228,1,2
250,394,249,1,2
262,394,394,5,1,249,0,3,261,1,2,275,3,0
263,394,262,1,2
268,394,269,2,1
276,394,289,3,0
323,399,310,0,3
352,356,171,0,4
356,352,173,0,4
377,383,34,0,4
383,377,50,0,4
383,435,215,0,4
383,440,202,0,4
394,410,223,0,4
394,449,236,0,4
405,433,317,0,4
410,394,226,0,4
420,433,317,0,4
433,405,317,0,4
433,420,317,0,4
449,394,239,0,4
