0,439,439,5,1,1,0,0,13,1,0
1,439,439,5,1,0,0,0,2,1,0,14,2,0,339,3,3
12,439,0,1,2
13,439,439,5,1,0,0,1,14,1,1,26,2,0
67,411,411,5,1,54,0,3,66,1,2,80,3,0
80,411,411,5,1,67,0,3,81,2,1
81,411,411,5,1,80,1,2,94,3,0
106,411,93,0,3
108,439,439,5,1,107,1,2
120,439,439,5,1,107,0,3,119,1,2,133,3,0
121,439,134,3,0
134,439,439,5,1,133,1,2,135,2,1,147,3,0
157,447,447,5,1,144,0,3,156,1,1
169,447,447,5,1,156,0,2,181,3,2
170,447,157,0,3
320,381,319,1,2
359,365,131,0,4
359,366,343,0,4
365,359,131,0,4
365,436,329,0,4
366,359,343,0,4
367,374,304,0,4
374,367,316,0,4
375,411,80,0,4
378,411,80,0,4
383,407,200,0,4
392,431,5,0,4
404,447,6,0,4
407,383,200,0,4
411,375,80,0,4
411,378,80,0,4
411,420,80,0,4
411,429,80,0,4
411,430,80,0,4
416,430,329,0,4
419,447,343,0,4
420,411,80,0,4
429,411,80,0,4
429,432,170,0,4
430,411,80,0,4
430,416,329,0,4
431,392,5,0,4
432,429,170,0,4
436,365,329,0,4
447,404,6,0,4
447,419,330,0,4
