7,428,428,5,1,6,0,1,345,3,3
19,428,428,5,1,6,0,2,18,1,2,32,3,0
20,428,19,1,2
33,428,428,5,1,32,1,2
58,438,438,5,1,45,0,3,57,1,2
70,438,438,5,1,57,0,3,69,1,2,83,3,0
71,438,58,0,3
72,438,59,0,3
84,438,83,1,2
85,438,84,1,2
98,438,97,1,2
111,438,110,1,2
124,438,123,1,2
137,438,136,1,2
150,438,149,1,2
230,423,217,0,3
252,449,449,5,1,239,0,3,253,2,1,265,3,0
264,449,265,2,1
265,449,449,5,1,252,0,3,266,2,1,278,3,0
266,449,449,5,1,253,0,3,265,1,2,267,2,1,279,3,0
271,423,258,0,3
278,449,449,5,1,265,0,3,279,2,1
281,423,280,1,2
282,423,281,1,2
293,423,423,5,1,280,0,3,292,1,2,306,3,0
294,423,293,1,2
362,374,5,0,4
372,449,265,0,4
374,362,5,0,4
384,450,31,0,4
401,428,36,0,4
424,449,265,0,4
428,401,33,0,4
449,372,265,0,4
449,424,265,0,4
450,384,31,0,4
