17,361,361,5,1,4,0,2,18,2,1,30,3,0
29,361,30,2,1
30,361,361,5,1,17,0,3,31,2,1,43,3,0
31,361,361,5,1,18,0,3,30,1,2,32,2,1,44,3,0
35,383,48,3,0
36,383,49,3,0
43,361,361,5,1,30,0,3,44,2,1
50,383,383,5,1,51,2,1
51,383,383,5,1,38,0,3,39,2,3,50,1,2,64,3,0
63,383,50,0,3
304,357,303,1,2
317,357,316,1,2
329,357,357,5,1,316,0,3,328,1,2,342,3,0
330,357,343,3,0
343,357,357,5,1,5,3,3,342,1,2,344,2,1
351,403,5,0,4
357,367,316,0,4
357,422,343,0,4
357,426,316,0,4
361,411,30,0,4
361,421,30,0,4
377,383,47,0,4
383,377,50,0,4
403,351,5,0,4
421,361,29,0,4
422,357,343,0,4
442,449,266,0,4
449,442,266,0,4
