26,369,369,5,1,38,3,2
39,369,52,2,0
40,369,53,3,0
41,369,54,3,0
42,369,55,3,0
50,406,51,2,1
51,369,369,5,1,38,0,3,50,1,2,64,3,0
52,369,369,5,1,64,3,2,65,2,0
143,372,372,5,1,130,0,2,144,1,1,156,2,0
156,372,372,5,1,143,0,2,157,1,1,169,2,0
157,372,372,5,1,144,0,3,156,1,1,158,2,1,170,3,0
165,372,166,2,1
166,372,167,2,1
169,372,372,5,1,156,0,2,170,1,1
353,421,68,0,4
360,369,52,0,4
368,406,31,0,4
369,360,52,0,4
369,388,214,0,4
369,407,52,0,4
369,415,51,0,4
369,425,51,0,4
369,439,52,0,4
369,445,52,0,4
388,369,214,0,4
406,368,31,0,4
407,369,52,0,4
415,369,51,0,4
421,353,81,0,4
422,438,343,0,4
425,369,51,0,4
438,422,343,0,4
439,369,52,0,4
445,369,52,0,4
