3,386,4,1,0
4,386,386,5,1,5,1,0,17,2,0
5,386,386,5,1,4,0,1,6,1,0,18,2,0,343,3,3
17,386,386,5,1,4,0,2,18,2,1
30,399,31,2,1
83,353,353,5,1,70,0,3,82,1,2,84,2,1
95,353,353,5,1,82,0,3
96,353,83,0,3
167,381,180,3,0
180,381,381,5,1,181,2,1
181,381,381,5,1,168,0,3,169,2,3,180,1,2,194,3,0
191,381,178,0,3
192,381,179,0,3
273,419,419,5,1,274,1,1
274,419,419,5,1,261,0,3,273,1,1,275,2,1,287,3,0
286,419,273,0,2
295,419,282,0,3
296,419,283,0,3
297,419,284,0,3
298,419,285,0,3
370,382,31,0,4
382,370,31,0,4
386,356,4,0,4
386,388,4,0,4
386,407,4,0,4
386,427,4,0,4
389,425,197,0,4
404,432,31,0,4
425,389,198,0,4
432,404,31,0,4
