188,388,388,5,1,187,1,2
200,388,388,5,1,187,0,3,199,1,2,213,3,0
201,388,200,1,2
202,388,189,0,3
203,388,190,0,3
204,388,191,0,3
214,388,388,5,1,213,1,2
214,442,213,1,2
227,442,226,1,2
240,442,239,1,2
278,442,442,5,1,265,0,3,277,1,2,291,3,0
279,442,292,3,0
280,442,293,3,0
292,442,442,5,1,291,1,2,305,3,0
322,370,309,0,3
380,442,52,0,4
417,422,129,0,4
422,417,129,0,4
424,432,342,0,4
432,424,342,0,4
442,354,292,0,4
442,363,292,0,4
442,369,292,0,4
442,380,91,0,4
442,401,292,0,4
442,410,292,0,4
442,441,292,0,4
