24,353,25,2,1
133,434,146,3,0
146,434,434,5,1,147,2,1
147,434,434,5,1,134,0,3,146,1,2,148,2,1,160,3,0
159,434,146,0,3
304,373,373,5,1,291,0,3,305,2,1,317,3,0
316,373,317,2,1
317,373,373,5,1,304,0,3,318,2,1,330,3,0
318,373,373,5,1,305,0,3,317,1,2,319,2,1,331,3,0
330,373,373,5,1,317,0,3,331,2,1
370,394,31,0,4
394,370,31,0,4
403,434,158,0,4
422,434,132,0,4
423,434,131,0,4
430,434,133,0,4
431,434,145,0,4
434,403,146,0,4
434,422,146,0,4
434,423,146,0,4
434,430,146,0,4
434,431,146,0,4
434,442,146,0,4
442,434,132,0,4
