17,397,397,5,1,4,0,2,18,2,1,30,3,0
29,397,30,2,1
30,397,397,5,1,17,0,3,31,2,1,43,3,0
31,397,397,5,1,18,0,3,30,1,2,32,2,1,44,3,0
43,397,397,5,1,30,0,3,44,2,1
356,397,28,0,4
380,397,27,0,4
381,409,182,0,4
383,397,27,0,4
397,356,30,0,4
397,380,30,0,4
397,383,30,0,4
397,388,30,0,4
397,407,30,0,4
397,408,30,0,4
397,413,30,0,4
397,421,30,0,4
397,425,30,0,4
397,427,30,0,4
397,434,30,0,4
397,445,30,0,4
397,448,30,0,4
408,397,28,0,4
409,381,182,0,4
413,397,28,0,4
421,397,28,0,4
425,397,28,0,4
427,397,28,0,4
434,397,28,0,4
448,397,27,0,4
