58,382,382,5,1,45,0,3,57,1,2
70,382,382,5,1,57,0,3,69,1,2,83,3,0
71,382,58,0,3
72,382,59,0,3
73,382,60,0,3
83,404,404,5,1,70,0,3,82,1,2
84,382,382,5,1,83,1,2
84,404,83,1,2
89,404,90,2,1
97,404,96,1,2
110,404,109,1,2
123,404,122,1,2
136,404,135,1,2
139,404,152,3,0
149,404,148,1,2
150,404,149,1,2
162,404,161,1,2
163,404,162,1,2
164,404,165,2,1
188,415,415,5,1,187,1,2
198,400,197,1,2
200,415,415,5,1,187,0,3,199,1,2,213,3,0
201,415,200,1,2
204,415,191,0,3
207,353,353,5,1,195,2,3,220,3,0
208,353,353,5,1,195,0,2,209,1,1,220,3,2,221,2,0
210,400,400,5,1,197,0,3,223,3,0
211,400,210,1,2
212,400,225,3,0
213,400,226,3,0
214,415,415,5,1,213,1,2
215,400,228,3,0
216,400,229,3,0
217,353,218,2,1
218,353,219,2,1
219,353,220,2,1
220,353,353,5,1,207,0,3,208,2,3,233,3,0
224,400,237,3,0
233,353,353,5,1,220,0,3,221,2,3
349,438,350,2,1
353,363,220,0,4
353,401,220,0,4
382,435,234,0,4
400,411,106,0,4
400,413,171,0,4
400,421,106,0,4
411,400,93,0,4
413,400,172,0,4
421,400,93,0,4
435,382,234,0,4
