25,430,13,2,3
150,406,137,0,3
158,362,362,5,1,157,1,2
170,362,362,5,1,157,0,3,169,1,1,183,3,0
171,362,158,0,3
172,362,159,0,3
184,362,362,5,1,183,1,2,197,3,0
247,396,396,5,1,234,0,2,248,1,1,259,3,2
254,396,255,2,1
256,396,257,2,1
259,396,396,5,1,247,2,3
295,396,282,0,3
322,396,309,0,3
356,362,186,0,4
362,356,184,0,4
362,371,342,0,4
362,408,158,0,4
362,411,158,0,4
362,413,158,0,4
362,421,197,0,4
362,427,158,0,4
362,434,158,0,4
362,443,158,0,4
371,362,340,0,4
421,362,198,0,4
424,436,342,0,4
427,362,160,0,4
434,362,146,0,4
436,424,342,0,4
