172,400,171,1,2
184,400,400,5,1,171,0,3,183,1,2,197,3,0
185,400,184,1,2
198,400,211,3,0
247,437,437,5,1,234,0,2,248,1,1,259,3,2,260,2,0
260,437,437,5,1,247,0,2,261,1,1
261,437,437,5,1,248,0,3,260,1,1,262,2,1,274,3,0
312,437,299,0,2
325,437,312,0,2
351,382,235,0,4
356,400,173,0,4
365,428,343,0,4
371,400,146,0,4
382,351,235,0,4
400,356,171,0,4
400,371,145,0,4
400,411,171,0,4
400,413,171,0,4
400,427,158,0,4
400,434,145,0,4
400,443,145,0,4
427,400,160,0,4
428,365,343,0,4
434,400,146,0,4
443,400,146,0,4
