24,359,37,3,0
25,359,38,3,0
36,359,49,3,0
38,359,51,3,0
51,359,64,3,0
61,359,74,3,0
64,359,77,3,0
77,359,90,3,0
90,359,103,3,0
91,359,359,5,1,92,1,1,103,3,2,104,2,0
98,359,99,2,1
100,359,101,2,1
101,359,102,2,1
103,359,359,5,1,91,2,3
276,400,400,5,1,263,0,3,277,2,1,289,3,0
289,400,400,5,1,276,0,3,290,2,1,302,3,0
290,400,400,5,1,277,0,3,289,1,2,291,2,1,303,3,0
302,400,400,5,1,289,0,3,303,2,1
354,359,103,0,4
359,354,103,0,4
359,363,103,0,4
359,369,103,0,4
359,410,103,0,4
359,441,103,0,4
363,359,90,0,4
369,359,103,0,4
370,398,31,0,4
398,370,31,0,4
410,359,103,0,4
441,359,103,0,4
