13,405,26,2,0
52,405,405,5,1,53,1,1,65,2,0
53,405,405,5,1,40,0,3,52,1,1,54,2,1,66,3,0
63,405,64,2,1
65,405,405,5,1,52,0,2,66,1,1,78,2,0
91,411,78,0,2
96,369,97,2,1
101,369,369,5,1,102,2,1
102,369,369,5,1,89,0,3,101,1,2,103,2,1
152,369,139,0,3
179,369,166,0,3
247,391,391,5,1,234,0,2,248,1,1,259,3,2
259,391,391,5,1,247,2,3
272,391,259,0,3
285,391,272,0,3
295,391,282,0,3
298,391,285,0,3
311,391,298,0,3
322,391,309,0,3
324,391,311,0,3
336,391,323,0,3
363,405,52,0,4
380,405,52,0,4
381,395,182,0,4
395,381,182,0,4
405,363,52,0,4
405,380,52,0,4
405,401,52,0,4
427,441,214,0,4
441,427,214,0,4
