71,440,440,5,1,58,0,3,72,2,1,84,3,0
81,440,82,2,1
82,440,83,2,1
84,440,440,5,1,71,0,3,85,2,1,97,3,0
85,440,440,5,1,72,0,3,84,1,2,86,2,1,98,3,0
97,440,440,5,1,84,0,3,98,2,1
216,430,215,1,2
226,430,225,1,2
239,430,238,1,2
251,430,430,5,1,238,0,3,250,1,2,264,3,0
252,430,265,3,0
255,430,268,3,0
256,430,269,3,0
265,430,430,5,1,264,1,2,278,3,0
383,430,66,0,4
387,444,209,0,4
393,427,30,0,4
427,393,28,0,4
430,363,265,0,4
430,380,265,0,4
430,383,79,0,4
430,401,265,0,4
430,441,91,0,4
430,448,79,0,4
441,430,78,0,4
444,387,209,0,4
448,430,66,0,4
