3,358,358,5,1,4,1,0,16,2,0,341,3,3
4,358,358,5,1,3,0,1,5,1,0,17,2,0,342,3,3
16,358,358,5,1,3,0,2,17,2,1
210,393,393,5,1,209,1,2
222,393,393,5,1,209,0,3,221,1,1,235,3,0
223,393,210,0,3
224,393,211,0,3
236,393,393,5,1,235,1,2,249,3,0
248,448,249,2,1
341,358,358,5,1,3,3,3,328,0,3,342,2,1
354,393,49,0,4
358,388,3,0,4
358,407,3,0,4
358,445,3,0,4
369,393,49,0,4
381,435,45,0,4
382,395,209,0,4
393,354,33,0,4
393,369,33,0,4
393,410,210,0,4
393,441,210,0,4
395,382,209,0,4
424,450,196,0,4
435,381,45,0,4
445,358,3,0,4
450,424,196,0,4
