163,427,427,5,1,162,1,2
175,427,427,5,1,162,0,3,174,1,2,188,3,0
176,427,175,1,2
189,427,427,5,1,188,1,2
198,382,197,1,2
207,393,393,5,1,195,2,3,220,3,0
208,393,393,5,1,195,0,2,209,1,1,220,3,2,221,2,0
210,382,382,5,1,197,0,3,209,1,2,223,3,0
211,382,210,1,2
217,393,218,2,1
218,393,219,2,1
220,393,393,5,1,207,0,3,208,2,3,233,3,0
224,382,237,3,0
233,393,393,5,1,220,0,3,221,2,3
358,375,342,0,4
375,358,342,0,4
378,430,277,0,4
382,369,237,0,4
382,410,237,0,4
382,441,237,0,4
389,447,330,0,4
393,401,220,0,4
401,393,217,0,4
406,423,169,0,4
415,424,238,0,4
423,406,169,0,4
424,415,238,0,4
430,378,277,0,4
447,389,330,0,4
