99,425,98,1,2
111,425,110,1,2
113,425,100,0,3
123,425,122,1,2
124,425,123,1,2
136,425,135,1,2
137,425,136,1,2
140,425,127,0,3
147,392,134,0,3
149,425,148,1,2
150,425,149,1,2
151,425,150,1,2
161,425,425,5,1,148,0,3,160,1,2,174,3,0
162,425,161,1,2
274,404,404,5,1,261,0,3,273,1,1,275,2,1,287,3,0
287,404,404,5,1,274,0,3,288,2,1
288,404,404,5,1,275,0,3,287,1,2,289,2,1,301,3,0
300,404,287,0,3
313,404,300,0,3
368,391,221,0,4
372,409,343,0,4
385,437,331,0,4
391,368,221,0,4
398,429,5,0,4
405,432,316,0,4
405,444,316,0,4
409,372,343,0,4
425,440,94,0,4
429,398,5,0,4
432,405,316,0,4
437,385,6,0,4
440,425,97,0,4
444,405,316,0,4
