3,362,341,3,3
3,378,378,5,1,4,1,0,16,2,0,341,3,3
3,402,16,2,0
16,402,402,5,1,17,2,1
17,402,402,5,1,4,0,2,16,1,2,18,2,1,30,3,0
29,402,16,0,3
328,378,378,5,1,329,2,1,341,3,0
341,378,378,5,1,3,3,3,328,0,3,342,2,1
341,402,3,3,3
342,378,378,5,1,4,3,3,329,0,3,341,1,2
356,402,15,0,4
362,443,342,0,4
383,402,14,0,4
386,429,157,0,4
388,402,3,0,4
395,426,143,0,4
402,356,16,0,4
402,360,16,0,4
402,380,16,0,4
402,383,16,0,4
402,388,16,0,4
402,407,16,0,4
402,408,16,0,4
402,411,16,0,4
402,413,16,0,4
402,415,16,0,4
402,421,16,0,4
402,425,16,0,4
402,427,16,0,4
402,434,16,0,4
402,439,16,0,4
402,443,16,0,4
402,445,16,0,4
402,448,16,0,4
407,402,3,0,4
408,402,15,0,4
413,402,15,0,4
425,402,3,0,4
426,395,143,0,4
427,402,15,0,4
429,386,157,0,4
434,402,15,0,4
443,402,3,0,4
