53,449,449,5,1,52,1,1
57,414,414,5,1,44,0,3,58,2,1,70,3,0
65,449,449,5,1,52,0,2,77,3,2,78,2,0
66,449,65,1,1
67,449,54,0,3
68,414,69,2,1
68,449,55,0,3
69,414,70,2,1
70,414,414,5,1,57,0,3,71,2,1
71,414,414,5,1,58,0,3,70,1,2,72,2,1
79,414,80,2,1
79,449,449,5,1,78,1,1
120,414,107,0,3
161,414,148,0,3
166,354,153,0,3
202,354,354,5,1,189,0,3,201,1,2,215,3,0
203,354,216,3,0
204,354,217,3,0
216,354,354,5,1,215,1,2,229,3,0
240,355,253,3,0
291,355,304,3,0
304,355,355,5,1,303,1,2,317,3,0
355,449,304,0,4
358,449,236,0,4
362,377,182,0,4
377,362,182,0,4
384,449,236,0,4
394,398,31,0,4
398,394,31,0,4
416,449,236,0,4
449,351,53,0,4
449,358,239,0,4
449,384,239,0,4
449,416,239,0,4
