179,447,166,0,3
247,432,432,5,1,234,0,2,248,1,1,260,2,0
260,432,432,5,1,247,0,2,261,1,1
261,432,432,5,1,248,0,3,260,1,1,262,2,1,274,3,0
271,432,272,2,1
273,432,260,0,2
277,394,276,1,2
291,394,304,3,0
304,394,317,3,0
315,394,394,5,1,328,3,0
316,394,329,3,0
329,394,394,5,1,328,1,2,342,3,0
367,394,317,0,4
375,394,184,0,4
378,394,184,0,4
394,367,343,0,4
394,375,184,0,4
394,378,184,0,4
394,405,184,0,4
394,420,170,0,4
395,416,31,0,4
400,436,17,0,4
405,394,184,0,4
409,429,317,0,4
416,395,31,0,4
420,394,170,0,4
429,409,317,0,4
436,400,17,0,4
442,444,183,0,4
444,442,183,0,4
