28,408,408,5,1,27,1,2
40,408,408,5,1,27,0,3,39,1,1,53,3,0
41,408,28,0,3
42,408,29,0,3
54,408,408,5,1,53,1,2,67,3,0
99,424,100,2,1
207,366,366,5,1,195,2,3,220,3,0
208,366,366,5,1,195,0,2,209,1,1,220,3,2,221,2,0
220,366,366,5,1,207,0,3,208,2,3,233,3,0
233,366,366,5,1,220,0,3,221,2,3
357,400,17,0,4
358,408,327,0,4
366,401,220,0,4
368,408,30,0,4
388,440,108,0,4
392,408,197,0,4
396,414,208,0,4
397,408,196,0,4
400,357,17,0,4
401,366,217,0,4
408,353,28,0,4
408,358,2,0,4
408,366,28,0,4
408,368,28,0,4
408,391,28,0,4
408,392,198,0,4
408,394,28,0,4
408,397,198,0,4
408,402,28,0,4
408,406,28,0,4
408,416,28,0,4
408,418,28,0,4
408,432,28,0,4
408,438,28,0,4
408,444,28,0,4
414,396,208,0,4
440,388,97,0,4
