173,427,427,5,1,160,0,3,174,2,1,186,3,0
185,427,186,2,1
186,427,427,5,1,173,0,3,187,2,1,199,3,0
187,427,427,5,1,174,0,3,186,1,2,188,2,1,200,3,0
199,427,427,5,1,186,0,3,200,2,1
224,405,405,5,1,211,0,3,225,2,1,237,3,0
225,421,421,5,1,212,0,3,226,2,1,238,3,0
237,405,405,5,1,224,0,3,238,2,1,250,3,0
237,421,238,2,1
238,405,405,5,1,225,0,3,237,1,2,239,2,1,251,3,0
238,421,421,5,1,225,0,3,239,2,1
239,421,421,5,1,226,0,3,238,1,2,240,2,1
248,421,249,2,1
250,405,405,5,1,237,0,3,251,2,1
288,435,287,1,2
341,437,3,3,3
355,405,157,0,4
355,427,184,0,4
359,421,238,0,4
372,421,238,0,4
379,427,184,0,4
381,427,184,0,4
392,417,169,0,4
405,355,157,0,4
405,435,237,0,4
409,427,184,0,4
412,427,184,0,4
417,392,156,0,4
421,359,238,0,4
421,372,238,0,4
421,400,238,0,4
421,424,238,0,4
421,429,238,0,4
424,421,238,0,4
424,427,186,0,4
427,355,186,0,4
427,372,186,0,4
427,379,186,0,4
427,381,186,0,4
427,409,186,0,4
427,412,186,0,4
427,424,186,0,4
427,429,186,0,4
427,431,186,0,4
429,421,238,0,4
435,405,234,0,4
