23,369,369,5,1,24,2,1,36,3,0
35,369,36,2,1
36,369,369,5,1,23,0,3,37,2,1,49,3,0
37,369,369,5,1,24,0,3,36,1,2,38,2,1,50,3,0
49,369,369,5,1,36,0,3,50,2,1
90,433,103,3,0
303,382,302,1,2
304,382,317,3,0
306,382,319,3,0
315,382,382,5,1,302,0,3,328,3,0
316,382,329,3,0
317,382,330,3,0
319,382,332,3,0
329,382,382,5,1,328,1,2,342,3,0
369,368,36,0,4
369,370,36,0,4
369,376,36,0,4
369,377,36,0,4
369,386,36,0,4
369,393,36,0,4
369,396,36,0,4
369,397,36,0,4
369,398,36,0,4
369,399,36,0,4
369,414,36,0,4
369,428,36,0,4
369,446,36,0,4
382,367,302,0,4
382,417,343,0,4
382,420,184,0,4
397,369,33,0,4
417,382,331,0,4
420,382,184,0,4
428,369,33,0,4
