198,360,360,5,1,185,0,3,199,2,1,211,3,0
207,391,391,5,1,195,2,3,220,3,0
208,391,391,5,1,195,0,2,209,1,1,220,3,2,221,2,0
211,360,360,5,1,198,0,3,212,2,1,224,3,0
212,360,360,5,1,199,0,3,211,1,2,213,2,1,225,3,0
217,391,218,2,1
218,375,219,2,1
218,391,219,2,1
220,391,391,5,1,207,0,3,208,2,3,233,3,0
224,360,360,5,1,211,0,3,225,2,1
233,391,391,5,1,220,0,3,221,2,3
319,421,306,0,3
360,376,211,0,4
360,377,211,0,4
360,386,211,0,4
360,398,211,0,4
360,428,211,0,4
360,450,211,0,4
363,391,217,0,4
370,414,208,0,4
376,360,210,0,4
389,429,317,0,4
391,363,220,0,4
391,401,220,0,4
398,360,210,0,4
414,370,208,0,4
429,389,317,0,4
450,360,210,0,4
