59,399,399,5,1,46,0,3,58,1,2,60,2,1
71,399,399,5,1,58,0,3
72,399,59,0,3
207,376,376,5,1,195,2,3,220,3,0
208,376,376,5,1,195,0,2,209,1,1,220,3,2,221,2,0
217,376,218,2,1
218,376,219,2,1
220,376,376,5,1,207,0,3,208,2,3,233,3,0
233,376,376,5,1,220,0,3,221,2,3
266,441,441,5,1,253,0,3,267,2,1,279,3,0
277,441,278,2,1
278,441,279,2,1
279,441,441,5,1,266,0,3,280,2,1
280,401,267,0,3
280,441,441,5,1,267,0,3,279,1,2,281,2,1
355,441,305,0,4
361,441,318,0,4
364,441,318,0,4
376,401,220,0,4
379,441,318,0,4
381,402,18,0,4
381,429,330,0,4
381,441,318,0,4
386,441,331,0,4
387,441,318,0,4
390,441,292,0,4
395,441,318,0,4
399,435,233,0,4
400,441,292,0,4
401,376,217,0,4
402,381,18,0,4
403,441,292,0,4
409,441,318,0,4
412,441,318,0,4
416,442,5,0,4
422,441,279,0,4
428,441,331,0,4
429,381,330,0,4
431,441,291,0,4
433,441,318,0,4
435,399,233,0,4
441,352,279,0,4
441,355,279,0,4
441,361,279,0,4
441,364,279,0,4
441,379,279,0,4
441,381,279,0,4
441,386,279,0,4
441,387,279,0,4
441,389,279,0,4
441,390,279,0,4
441,395,279,0,4
441,400,279,0,4
441,403,279,0,4
441,409,279,0,4
441,412,279,0,4
441,422,279,0,4
441,428,279,0,4
441,431,279,0,4
441,433,279,0,4
441,442,279,0,4
442,416,5,0,4
442,441,279,0,4
