61,440,440,5,1,60,1,2
73,440,440,5,1,60,0,3,72,1,2,86,3,0
74,440,87,3,0
87,440,440,5,1,86,1,2,100,3,0
95,384,384,5,1,82,0,3,96,2,1,108,3,0
107,384,108,2,1
108,384,384,5,1,95,0,3,109,2,1
109,384,384,5,1,96,0,3,108,1,2
146,384,133,0,3
252,417,417,5,1,253,2,1,265,3,0
265,417,417,5,1,252,0,3,266,2,1,278,3,0
266,417,417,5,1,253,0,3,265,1,2,267,2,1,279,3,0
278,417,417,5,1,265,0,3,279,2,1,291,3,0
289,380,276,0,3
314,397,315,2,1
351,434,300,0,4
355,406,18,0,4
369,440,269,0,4
384,388,108,0,4
384,407,108,0,4
384,411,108,0,4
384,413,108,0,4
388,384,108,0,4
406,355,18,0,4
407,384,108,0,4
410,440,242,0,4
413,384,121,0,4
434,351,313,0,4
440,369,270,0,4
440,410,244,0,4
