90,376,103,3,0
102,376,115,3,0
114,376,127,3,0
139,376,152,3,0
154,423,423,5,1,141,0,3,155,2,1,167,3,0
165,423,166,2,1
166,423,167,2,1
167,423,423,5,1,154,0,3,168,2,1,180,3,0
168,423,423,5,1,155,0,3,156,2,3,167,1,2,181,3,0
169,376,376,5,1,170,1,1,181,3,2,182,2,0
176,376,177,2,1
178,376,179,2,1
179,376,180,2,1
180,376,181,2,1
180,423,423,5,1,167,0,3,181,2,1
181,376,376,5,1,169,2,3
184,395,395,5,1,183,1,2
196,395,395,5,1,183,0,3,195,1,1,209,3,0
197,395,184,0,3
198,395,185,0,3
210,395,395,5,1,209,1,2
374,399,31,0,4
376,385,181,0,4
385,376,181,0,4
395,380,184,0,4
395,383,184,0,4
395,411,184,0,4
395,421,184,0,4
395,425,158,0,4
395,448,184,0,4
399,374,31,0,4
411,395,172,0,4
425,395,159,0,4
