109,441,122,3,0
188,371,371,5,1,175,0,3,187,1,2
200,371,371,5,1,187,0,3,199,1,2,213,3,0
201,371,188,0,3
202,371,189,0,3
240,371,239,1,2
253,371,252,1,2
267,371,266,1,2
280,371,279,1,2
317,378,378,5,1,304,0,3,316,1,2
329,378,378,5,1,316,0,3,328,1,2,342,3,0
330,378,317,0,3
333,378,320,0,3
354,371,26,0,4
357,442,5,0,4
366,431,183,0,4
369,371,26,0,4
371,354,13,0,4
371,363,188,0,4
371,369,13,0,4
371,410,13,0,4
371,441,13,0,4
378,399,170,0,4
399,378,183,0,4
404,430,329,0,4
408,448,200,0,4
410,371,26,0,4
430,404,329,0,4
431,366,183,0,4
441,371,26,0,4
442,357,5,0,4
448,408,200,0,4
