21,399,20,1,2
22,399,21,1,2
33,399,399,5,1,20,0,3,32,1,2,46,3,0
34,399,33,1,2
47,399,46,1,2
184,402,402,5,1,183,1,2
196,402,402,5,1,183,0,3,195,1,1,209,3,0
197,402,210,3,0
198,402,211,3,0
210,402,402,5,1,209,1,2,223,3,0
236,393,393,5,1,235,1,2
248,393,393,5,1,235,0,3,247,1,1,261,3,0
249,393,236,0,3
250,393,237,0,3
262,393,393,5,1,261,1,2
263,357,357,5,1,262,1,2
268,439,267,1,2
275,357,357,5,1,262,0,3,274,1,2,288,3,0
276,357,263,0,3
281,357,294,3,0
289,357,357,5,1,288,1,2,302,3,0
357,426,316,0,4
380,399,216,0,4
387,389,169,0,4
389,387,169,0,4
399,354,33,0,4
399,363,33,0,4
399,369,33,0,4
399,380,206,0,4
399,401,33,0,4
399,410,33,0,4
399,441,33,0,4
426,357,304,0,4
