11,360,24,2,0
12,360,25,2,0
13,360,360,5,1,0,0,1,14,1,1,25,3,2,26,2,0
25,360,360,5,1,13,2,3
49,401,401,5,1,36,0,3,50,2,1,62,3,0
61,401,62,2,1
62,401,401,5,1,49,0,3,63,2,1,75,3,0
63,401,401,5,1,50,0,3,62,1,2,64,2,1,76,3,0
68,397,55,0,3
75,401,401,5,1,62,0,3,76,2,1
89,420,102,3,0
90,420,103,3,0
91,420,420,5,1,78,0,2,92,1,1,103,3,2,104,2,0
103,420,420,5,1,91,2,3
219,404,232,3,0
221,404,404,5,1,208,0,2,222,1,1,233,3,2,234,2,0
233,404,404,5,1,221,2,3
243,404,230,0,3
244,404,231,0,3
253,365,252,1,2
254,365,253,1,2
255,365,254,1,2
265,365,365,5,1,252,0,3,264,1,2,278,3,0
265,450,264,1,2
266,365,265,1,2
266,450,279,3,0
271,360,284,3,0
279,450,292,3,0
283,360,296,3,0
292,450,305,3,0
305,450,318,3,0
308,360,321,3,0
316,450,450,5,1,329,3,0
317,450,330,3,0
318,450,331,3,0
330,450,450,5,1,329,1,2,343,3,0
337,360,350,3,0
354,365,78,0,4
365,354,91,0,4
365,363,252,0,4
365,369,91,0,4
365,401,252,0,4
365,410,252,0,4
365,441,252,0,4
369,365,78,0,4
410,365,252,0,4
426,450,143,0,4
441,365,252,0,4
449,450,226,0,4
450,367,330,0,4
450,426,156,0,4
450,449,223,0,4
