93,388,388,5,1,80,0,3,94,2,1,106,3,0
104,388,105,1,1
105,388,106,2,1
106,388,388,5,1,93,0,3,107,2,1,119,3,0
107,388,388,5,1,94,0,3,106,1,2,108,2,1,120,3,0
115,430,128,3,0
116,388,104,2,3
116,430,129,3,0
117,430,430,5,1,104,0,2,118,1,1,129,3,2,130,2,0
119,388,388,5,1,106,0,3,120,2,1
129,430,430,5,1,117,2,3
364,395,169,0,4
365,388,106,0,4
372,374,17,0,4
374,372,17,0,4
383,423,77,0,4
388,365,106,0,4
388,400,106,0,4
388,430,106,0,4
388,447,106,0,4
395,364,169,0,4
400,388,106,0,4
409,422,330,0,4
422,409,330,0,4
423,383,103,0,4
430,388,106,0,4
447,388,105,0,4
