16,371,15,1,2
28,371,371,5,1,15,0,3,27,1,2,41,3,0
29,371,28,1,2
42,371,55,3,0
76,382,77,2,1
198,407,407,5,1,185,0,3,199,2,1,211,3,0
211,407,407,5,1,198,0,3,212,2,1,224,3,0
212,407,407,5,1,199,0,3,211,1,2,213,2,1,225,3,0
224,407,407,5,1,211,0,3,225,2,1
315,409,328,3,0
361,371,4,0,4
364,371,4,0,4
371,361,2,0,4
371,364,2,0,4
371,377,55,0,4
371,381,340,0,4
371,386,15,0,4
371,397,55,0,4
371,399,15,0,4
371,414,82,0,4
371,428,15,0,4
371,431,327,0,4
371,433,2,0,4
377,371,44,0,4
381,371,342,0,4
382,437,31,0,4
386,407,210,0,4
386,444,31,0,4
407,386,211,0,4
414,371,70,0,4
428,371,17,0,4
431,371,328,0,4
433,371,4,0,4
437,382,31,0,4
444,386,31,0,4
