103,446,116,3,0
116,446,129,3,0
129,446,142,3,0
132,431,431,5,1,131,1,2
142,446,155,3,0
144,431,431,5,1,131,0,3,143,1,1,157,3,0
145,431,158,3,0
146,431,159,3,0
155,446,168,3,0
158,431,431,5,1,157,1,2,171,3,0
168,446,181,3,0
181,446,194,3,0
182,446,446,5,1,169,0,2,183,1,1,194,3,2,195,2,0
193,446,194,2,1
194,446,446,5,1,182,2,3,207,3,0
207,446,446,5,1,194,0,3,195,2,3,220,3,0
276,389,389,5,1,263,0,3,289,3,0
289,389,389,5,1,276,0,3,290,2,1,302,3,0
290,389,389,5,1,289,1,2,291,2,1,303,3,0
302,389,389,5,1,289,0,3,303,2,1
353,411,68,0,4
411,353,81,0,4
431,360,158,0,4
431,407,158,0,4
431,439,158,0,4
431,445,237,0,4
445,431,237,0,4
