91,442,442,5,1,104,2,0
92,442,105,3,0
105,442,442,5,1,104,1,1,106,2,1,118,3,0
172,359,171,1,2
175,401,401,5,1,176,2,1,188,3,0
184,359,359,5,1,171,0,3,183,1,2,197,3,0
185,359,184,1,2
187,401,188,2,1
188,401,401,5,1,175,0,3,189,2,1,201,3,0
189,401,401,5,1,176,0,3,188,1,2,190,2,1,202,3,0
190,359,191,2,1
198,359,197,1,2
199,359,212,3,0
200,359,213,3,0
201,401,401,5,1,188,0,3,202,2,1,214,3,0
211,359,224,3,0
351,444,57,0,4
355,358,209,0,4
358,355,209,0,4
359,427,79,0,4
359,434,171,0,4
360,442,106,0,4
375,378,277,0,4
378,375,277,0,4
398,421,43,0,4
401,411,188,0,4
401,413,188,0,4
401,434,188,0,4
401,443,188,0,4
411,401,188,0,4
413,401,188,0,4
415,442,106,0,4
421,398,55,0,4
425,442,106,0,4
427,359,53,0,4
434,359,173,0,4
434,401,188,0,4
439,442,265,0,4
442,360,106,0,4
442,408,105,0,4
442,415,106,0,4
442,425,106,0,4
442,439,265,0,4
443,401,188,0,4
444,351,57,0,4
