4,403,403,5,1,5,1,0,17,2,0,342,3,3
16,403,17,2,1
17,403,403,5,1,4,0,2,18,2,1
18,403,403,5,1,5,0,2,17,1,2
25,403,13,2,3
68,403,55,0,3
146,404,133,0,3
185,430,430,5,1,184,1,2
197,430,430,5,1,184,0,3,196,1,2,210,3,0
198,430,185,0,3
211,430,430,5,1,210,1,2,224,3,0
353,397,221,0,4
356,430,186,0,4
359,398,343,0,4
361,382,31,0,4
376,446,221,0,4
382,361,31,0,4
397,353,221,0,4
398,359,343,0,4
403,419,17,0,4
403,450,343,0,4
419,403,17,0,4
425,431,185,0,4
430,356,185,0,4
431,425,184,0,4
441,449,77,0,4
446,376,221,0,4
449,441,77,0,4
450,403,343,0,4
